Model: "Model_0_of_30"
_________________________________________________________________
 Layer (type)                Output Shape              Param #   
=================================================================
 conv2d (Conv2D)             (None, 32, 32, 4)         112       
                                                                 
 conv2d_1 (Conv2D)           (None, 32, 32, 8)         296       
                                                                 
 conv2d_2 (Conv2D)           (None, 32, 32, 16)        1168      
                                                                 
 max_pooling2d (MaxPooling2D  (None, 16, 16, 16)       0         
 )                                                               
                                                                 
 conv2d_3 (Conv2D)           (None, 16, 16, 32)        4640      
                                                                 
 max_pooling2d_1 (MaxPooling  (None, 8, 8, 32)         0         
 2D)                                                             
                                                                 
 conv2d_4 (Conv2D)           (None, 8, 8, 64)          18496     
                                                                 
 max_pooling2d_2 (MaxPooling  (None, 4, 4, 64)         0         
 2D)                                                             
                                                                 
 flatten (Flatten)           (None, 1024)              0         
                                                                 
 dense (Dense)               (None, 10)                10250     
                                                                 
=================================================================
Total params: 34,962
Trainable params: 34,962
Non-trainable params: 0
_________________________________________________________________
===== Network 1/30 =====
loss: [1.6022181510925293, 1.1924443244934082, 1.0300745964050293, 0.9192028641700745, 0.8398134112358093, 0.7812302708625793, 0.726375937461853, 0.6884732842445374, 0.6533642411231995, 0.6275606751441956]
accuracy: [0.39302074909210205, 0.5570917129516602, 0.6191943883895874, 0.6670830845832825, 0.6974264979362488, 0.718330979347229, 0.739790678024292, 0.7515338063240051, 0.7650259733200073, 0.7758252024650574]
val_loss: [2.8760225772857666, 2.698227643966675, 2.8621339797973633, 2.824774980545044, 2.706369161605835, 3.079538345336914, 3.024778127670288, 2.9370415210723877, 2.9741435050964355, 3.0523087978363037]
val_accuracy: [0.41499999165534973, 0.4602000117301941, 0.4941999912261963, 0.5095999836921692, 0.5374000072479248, 0.5297999978065491, 0.5497999787330627, 0.5533999800682068, 0.545799970626831, 0.5550000071525574]

===== Network 2/30 =====
loss: [1.6009924411773682, 1.073918342590332, 0.8665921092033386, 0.7509358525276184, 0.6651688814163208, 0.6103760600090027, 0.5592215061187744, 0.5173617005348206, 0.4853411912918091, 0.4617043733596802]
accuracy: [0.3845086097717285, 0.6096612811088562, 0.6890060901641846, 0.7343975305557251, 0.766185462474823, 0.7867573499679565, 0.801304817199707, 0.8180732727050781, 0.8286229968070984, 0.8361743688583374]
val_loss: [2.728789806365967, 2.8685648441314697, 2.9110069274902344, 2.6676228046417236, 2.9284026622772217, 2.9176583290100098, 2.8806233406066895, 3.060556173324585, 3.0638246536254883, 3.3436949253082275]
val_accuracy: [0.44780001044273376, 0.5145999789237976, 0.555400013923645, 0.5825999975204468, 0.5694000124931335, 0.5861999988555908, 0.6047999858856201, 0.6011999845504761, 0.6114000082015991, 0.6057999730110168]

===== Network 3/30 =====
loss: [1.546939492225647, 1.0771269798278809, 0.8805246353149414, 0.7661885619163513, 0.691821277141571, 0.635535478591919, 0.5964318513870239, 0.5543240904808044, 0.5196681618690491, 0.4918445348739624]
accuracy: [0.4171203076839447, 0.6022664308547974, 0.6781468987464905, 0.7249472141265869, 0.7500555515289307, 0.7692756652832031, 0.7838295698165894, 0.7994667291641235, 0.812493085861206, 0.8213809728622437]
val_loss: [2.8216521739959717, 2.6703805923461914, 2.8032262325286865, 3.136584758758545, 2.741143226623535, 2.8830480575561523, 2.7233004570007324, 2.863704204559326, 2.850955009460449, 2.958779811859131]
val_accuracy: [0.3856000006198883, 0.5185999870300293, 0.521399974822998, 0.5667999982833862, 0.5947999954223633, 0.578000009059906, 0.5932000279426575, 0.6018000245094299, 0.5989999771118164, 0.5956000089645386]

===== Network 4/30 =====
loss: [1.6125364303588867, 1.143936038017273, 0.9432954788208008, 0.8221200108528137, 0.7360244989395142, 0.6758291721343994, 0.6264417171478271, 0.5837213397026062, 0.5434188842773438, 0.5187197327613831]
accuracy: [0.38920044898986816, 0.5797057151794434, 0.6576346755027771, 0.7019711136817932, 0.7370349764823914, 0.7565519213676453, 0.7739589214324951, 0.7901443839073181, 0.8043864369392395, 0.8105496764183044]
val_loss: [2.910203695297241, 2.9223926067352295, 2.719289541244507, 2.8033807277679443, 2.9688174724578857, 2.89701247215271, 2.936506748199463, 3.0483226776123047, 3.0152134895324707, 3.159168004989624]
val_accuracy: [0.4041999876499176, 0.49219998717308044, 0.5483999848365784, 0.5479999780654907, 0.5447999835014343, 0.5631999969482422, 0.5848000049591064, 0.5950000286102295, 0.590399980545044, 0.5974000096321106]

===== Network 5/30 =====
loss: [1.6148520708084106, 1.184274435043335, 0.9973340630531311, 0.8833312392234802, 0.7924547791481018, 0.7288779020309448, 0.6747709512710571, 0.6335583329200745, 0.5996031761169434, 0.573997974395752]
accuracy: [0.39363059401512146, 0.5716070532798767, 0.6426032781600952, 0.682030200958252, 0.7185417413711548, 0.7380053400993347, 0.7571634650230408, 0.7735450863838196, 0.7856785655021667, 0.7933973670005798]
val_loss: [2.65639591217041, 2.596442222595215, 2.9726250171661377, 3.04622745513916, 3.129765510559082, 3.1297125816345215, 3.299011707305908, 3.178212881088257, 3.6366336345672607, 3.1483614444732666]
val_accuracy: [0.41200000047683716, 0.46779999136924744, 0.5221999883651733, 0.5314000248908997, 0.5568000078201294, 0.5551999807357788, 0.5558000206947327, 0.5785999894142151, 0.5752000212669373, 0.5870000123977661]

===== Network 6/30 =====
loss: [1.6688921451568604, 1.1947779655456543, 0.9896077513694763, 0.8594298958778381, 0.7882788181304932, 0.7200879454612732, 0.6641595959663391, 0.6351742744445801, 0.602635383605957, 0.5702800154685974]
accuracy: [0.37351471185684204, 0.5625208020210266, 0.6409217119216919, 0.6906996369361877, 0.7140477299690247, 0.7431149482727051, 0.762631893157959, 0.7728484272956848, 0.7850360870361328, 0.7966407537460327]
val_loss: [2.565397262573242, 2.9660449028015137, 2.59493350982666, 2.8321497440338135, 3.249600410461426, 3.178978443145752, 2.901042938232422, 2.8712594509124756, 3.154237747192383, 2.9261999130249023]
val_accuracy: [0.3853999972343445, 0.48100000619888306, 0.5234000086784363, 0.5483999848365784, 0.5651999711990356, 0.5699999928474426, 0.5817999839782715, 0.5748000144958496, 0.5824000239372253, 0.5781999826431274]

===== Network 7/30 =====
loss: [1.6081335544586182, 1.227601408958435, 1.0410476922988892, 0.9145753383636475, 0.8340582251548767, 0.7712399959564209, 0.7195217609405518, 0.6782779097557068, 0.6427670121192932, 0.6124914288520813]
accuracy: [0.39656561613082886, 0.5491122007369995, 0.6214120984077454, 0.670204758644104, 0.701269805431366, 0.724082350730896, 0.7396426796913147, 0.755730926990509, 0.7710967063903809, 0.7805996537208557]
val_loss: [2.7539167404174805, 2.97061824798584, 2.7009007930755615, 2.4841904640197754, 2.837359666824341, 2.7238051891326904, 3.03745698928833, 2.7214155197143555, 2.9162604808807373, 2.7345986366271973]
val_accuracy: [0.4169999957084656, 0.45419999957084656, 0.5080000162124634, 0.5429999828338623, 0.5442000031471252, 0.5491999983787537, 0.5447999835014343, 0.5622000098228455, 0.5613999962806702, 0.5726000070571899]

===== Network 8/30 =====
loss: [1.5566176176071167, 1.1247689723968506, 0.9486566185951233, 0.8358057141304016, 0.7583585977554321, 0.7081719636917114, 0.6577131152153015, 0.6216533184051514, 0.5902000665664673, 0.5622196793556213]
accuracy: [0.4037489593029022, 0.5796167850494385, 0.6517911553382874, 0.6981116533279419, 0.724826455116272, 0.7449319362640381, 0.7628158926963806, 0.7753124237060547, 0.786420464515686, 0.7978616952896118]
val_loss: [2.79433536529541, 3.152921199798584, 2.649371385574341, 2.608367443084717, 2.8154773712158203, 2.8299622535705566, 2.8366994857788086, 2.968430280685425, 3.017855167388916, 3.0720975399017334]
val_accuracy: [0.4230000078678131, 0.4578000009059906, 0.5281999707221985, 0.5368000268936157, 0.5501999855041504, 0.5699999928474426, 0.5662000179290771, 0.571399986743927, 0.5871999859809875, 0.5866000056266785]

===== Network 9/30 =====
loss: [1.5946162939071655, 1.1761932373046875, 0.9943958520889282, 0.8694912791252136, 0.7786601781845093, 0.7188732624053955, 0.6481205821037292, 0.6073771715164185, 0.5672490000724792, 0.538303792476654]
accuracy: [0.3902459442615509, 0.5637872815132141, 0.6378726363182068, 0.6890301704406738, 0.7243379950523376, 0.7437683939933777, 0.7690279483795166, 0.7848220467567444, 0.7958418726921082, 0.8086659908294678]
val_loss: [2.92413067817688, 2.8360118865966797, 3.0458385944366455, 3.0128426551818848, 3.117645740509033, 3.0826520919799805, 3.136514186859131, 3.0802619457244873, 3.1530866622924805, 3.280730962753296]
val_accuracy: [0.41600000858306885, 0.4959999918937683, 0.5217999815940857, 0.5496000051498413, 0.5532000064849854, 0.5649999976158142, 0.5806000232696533, 0.5875999927520752, 0.5956000089645386, 0.598800003528595]

===== Network 10/30 =====
loss: [1.6160266399383545, 1.1599435806274414, 0.9990858435630798, 0.8980681896209717, 0.8233075141906738, 0.7649742960929871, 0.7171739935874939, 0.6787351369857788, 0.649620771408081, 0.6131657958030701]
accuracy: [0.3910735547542572, 0.5760220289230347, 0.6382458209991455, 0.6763749718666077, 0.7035266757011414, 0.7240919470787048, 0.7422394156455994, 0.7544952034950256, 0.766556441783905, 0.7796459197998047]
val_loss: [2.7667770385742188, 2.498335361480713, 3.050555467605591, 2.5981059074401855, 2.8600165843963623, 2.801663875579834, 2.821381092071533, 2.778008460998535, 2.959362268447876, 2.9052536487579346]
val_accuracy: [0.44339999556541443, 0.4803999960422516, 0.525600016117096, 0.5442000031471252, 0.5490000247955322, 0.5547999739646912, 0.5613999962806702, 0.573199987411499, 0.5717999935150146, 0.5676000118255615]

===== Network 11/30 =====
loss: [1.654955506324768, 1.195643424987793, 0.9780784249305725, 0.8564654588699341, 0.7665887475013733, 0.7074621915817261, 0.6556785702705383, 0.6207544207572937, 0.5821008086204529, 0.5547712445259094]
accuracy: [0.366214781999588, 0.5654203295707703, 0.6480637788772583, 0.6946496963500977, 0.7317628860473633, 0.7492638230323792, 0.7674037218093872, 0.780210018157959, 0.7964053750038147, 0.8029890656471252]
val_loss: [2.954927444458008, 2.8979079723358154, 3.3336968421936035, 2.6754770278930664, 3.0271008014678955, 3.0469937324523926, 2.804396152496338, 3.0028793811798096, 3.2144346237182617, 3.166977882385254]
val_accuracy: [0.40939998626708984, 0.49900001287460327, 0.49399998784065247, 0.5537999868392944, 0.5694000124931335, 0.5809999704360962, 0.5802000164985657, 0.5874000191688538, 0.5929999947547913, 0.578000009059906]

===== Network 12/30 =====
loss: [1.579916000366211, 1.0917161703109741, 0.9059150218963623, 0.8038957118988037, 0.7194536328315735, 0.6627411246299744, 0.6159031987190247, 0.5812466740608215, 0.5434914827346802, 0.5219439268112183]
accuracy: [0.40608248114585876, 0.5978336334228516, 0.6675739288330078, 0.7061241269111633, 0.7407860159873962, 0.7620885968208313, 0.7776142358779907, 0.791806697845459, 0.8020830154418945, 0.809831976890564]
val_loss: [2.5412826538085938, 2.688617706298828, 2.8828396797180176, 2.7910730838775635, 2.738614559173584, 2.885287046432495, 2.6675713062286377, 2.9403674602508545, 3.0607056617736816, 3.1115033626556396]
val_accuracy: [0.3952000141143799, 0.49900001287460327, 0.5335999727249146, 0.5618000030517578, 0.5856000185012817, 0.5623999834060669, 0.5809999704360962, 0.579200029373169, 0.5924000144004822, 0.6096000075340271]

===== Network 13/30 =====
loss: [1.5854779481887817, 1.1684907674789429, 0.9740846753120422, 0.8666911125183105, 0.7869724631309509, 0.737068235874176, 0.6815588474273682, 0.6433679461479187, 0.6125632524490356, 0.582079291343689]
accuracy: [0.4034469425678253, 0.5777642130851746, 0.6533637046813965, 0.693744421005249, 0.7241063714027405, 0.740230917930603, 0.7622113823890686, 0.7755328416824341, 0.7856904864311218, 0.7959868907928467]
val_loss: [2.7586731910705566, 2.8593053817749023, 3.003843069076538, 3.06693434715271, 2.913111448287964, 3.1408681869506836, 3.1442294120788574, 3.0786070823669434, 3.209876298904419, 3.21563982963562]
val_accuracy: [0.4212000072002411, 0.4968000054359436, 0.5317999720573425, 0.5491999983787537, 0.5478000044822693, 0.551800012588501, 0.5658000111579895, 0.5770000219345093, 0.5843999981880188, 0.5708000063896179]

===== Network 14/30 =====
loss: [1.6404733657836914, 1.1538715362548828, 0.9247052073478699, 0.7719457149505615, 0.6822234988212585, 0.611981213092804, 0.5584118962287903, 0.5179048776626587, 0.4822251796722412, 0.4550073742866516]
accuracy: [0.37419068813323975, 0.5757912397384644, 0.6641287207603455, 0.7235668301582336, 0.7568844556808472, 0.7853113412857056, 0.8034846186637878, 0.816378116607666, 0.8284380435943604, 0.8375524282455444]
val_loss: [2.8682644367218018, 2.7080276012420654, 2.674583673477173, 2.4900095462799072, 2.624022960662842, 2.5831997394561768, 2.823143720626831, 2.695173978805542, 2.9419984817504883, 3.0125019550323486]
val_accuracy: [0.42879998683929443, 0.5001999735832214, 0.5271999835968018, 0.5830000042915344, 0.6092000007629395, 0.603600025177002, 0.6177999973297119, 0.6209999918937683, 0.6226000189781189, 0.6186000108718872]

===== Network 15/30 =====
loss: [1.5704351663589478, 1.144705891609192, 0.9519588947296143, 0.8208174109458923, 0.7419065237045288, 0.6726790070533752, 0.6196756362915039, 0.5751157999038696, 0.5478326678276062, 0.5176276564598083]
accuracy: [0.4004780948162079, 0.577869176864624, 0.6584484577178955, 0.7079800963401794, 0.7391389012336731, 0.7633488178253174, 0.7838340997695923, 0.8005948066711426, 0.8064041137695312, 0.8178836703300476]
val_loss: [2.726077079772949, 2.7860021591186523, 2.492164373397827, 2.6100809574127197, 2.5101318359375, 2.6706504821777344, 2.876354694366455, 2.981829881668091, 3.0503597259521484, 3.233027696609497]
val_accuracy: [0.40939998626708984, 0.5052000284194946, 0.5289999842643738, 0.5436000227928162, 0.5821999907493591, 0.6003999710083008, 0.6151999831199646, 0.6191999912261963, 0.6133999824523926, 0.6079999804496765]

===== Network 16/30 =====
loss: [1.5853350162506104, 1.14250648021698, 0.9315184950828552, 0.8238409161567688, 0.7446329593658447, 0.6901565790176392, 0.6473404169082642, 0.6101369261741638, 0.578147292137146, 0.55295729637146]
accuracy: [0.3956395089626312, 0.5752812027931213, 0.6618525385856628, 0.7024579644203186, 0.7312595248222351, 0.7513123154640198, 0.7650882005691528, 0.7813081741333008, 0.7894459366798401, 0.801555335521698]
val_loss: [2.502220392227173, 2.529900550842285, 2.714221239089966, 2.588125705718994, 2.5717756748199463, 2.8528692722320557, 2.8402798175811768, 2.6227424144744873, 2.670675277709961, 2.7185041904449463]
val_accuracy: [0.4138000011444092, 0.47679999470710754, 0.5317999720573425, 0.5356000065803528, 0.5437999963760376, 0.5727999806404114, 0.550599992275238, 0.5946000218391418, 0.5824000239372253, 0.5834000110626221]

===== Network 17/30 =====
loss: [1.640611171722412, 1.0879018306732178, 0.8834251761436462, 0.7614514231681824, 0.6835997104644775, 0.6240717768669128, 0.5749024748802185, 0.5376390218734741, 0.5086923837661743, 0.48161184787750244]
accuracy: [0.3786367177963257, 0.6034401059150696, 0.6836357712745667, 0.730680525302887, 0.7599688768386841, 0.7814488410949707, 0.7989552021026611, 0.8119598627090454, 0.8243810534477234, 0.8311890363693237]
val_loss: [3.0531601905822754, 2.6585612297058105, 2.953564167022705, 2.782796621322632, 2.600166082382202, 2.5552332401275635, 2.760683059692383, 2.7894845008850098, 2.878391981124878, 3.0268895626068115]
val_accuracy: [0.43720000982284546, 0.524399995803833, 0.5562000274658203, 0.574400007724762, 0.605400025844574, 0.5950000286102295, 0.6122000217437744, 0.6240000128746033, 0.6173999905586243, 0.614799976348877]

===== Network 18/30 =====
loss: [1.5465608835220337, 1.0979663133621216, 0.9081670641899109, 0.7941020727157593, 0.7159500122070312, 0.6601240038871765, 0.6107866764068604, 0.5731679201126099, 0.5421496033668518, 0.5117623209953308]
accuracy: [0.4294973313808441, 0.6068040728569031, 0.6780160665512085, 0.7196862101554871, 0.7486995458602905, 0.7689504623413086, 0.7889232039451599, 0.7998831868171692, 0.8093966245651245, 0.8209129571914673]
val_loss: [2.819042205810547, 3.038645029067993, 2.54886794090271, 2.6433396339416504, 2.7574944496154785, 2.490210771560669, 2.4871621131896973, 2.891433000564575, 2.8015034198760986, 3.1502621173858643]
val_accuracy: [0.42660000920295715, 0.5023999810218811, 0.557200014591217, 0.5860000252723694, 0.5758000016212463, 0.5843999981880188, 0.5982000231742859, 0.5961999893188477, 0.6014000177383423, 0.6083999872207642]

===== Network 19/30 =====
loss: [1.5507413148880005, 1.0519920587539673, 0.8685156106948853, 0.7658498883247375, 0.6962800025939941, 0.6416202783584595, 0.595199704170227, 0.5612888932228088, 0.5313313603401184, 0.5022870898246765]
accuracy: [0.41711780428886414, 0.6207767724990845, 0.6904305815696716, 0.7279919981956482, 0.7524499893188477, 0.7719941139221191, 0.792149007320404, 0.8000055551528931, 0.8117764592170715, 0.8213819861412048]
val_loss: [3.134523630142212, 2.7823305130004883, 2.6423182487487793, 2.7253034114837646, 2.500046730041504, 2.9515538215637207, 2.774864673614502, 2.974456548690796, 2.8125956058502197, 3.1594491004943848]
val_accuracy: [0.415800005197525, 0.5368000268936157, 0.5465999841690063, 0.5619999766349792, 0.5722000002861023, 0.5917999744415283, 0.5727999806404114, 0.593999981880188, 0.590399980545044, 0.6115999817848206]

===== Network 20/30 =====
loss: [1.6400576829910278, 1.2060844898223877, 1.0049651861190796, 0.8706347346305847, 0.7795500755310059, 0.7141167521476746, 0.6515703201293945, 0.6161521673202515, 0.5765474438667297, 0.5452364683151245]
accuracy: [0.3872896730899811, 0.5598664879798889, 0.6409400701522827, 0.6952301263809204, 0.7243220806121826, 0.7503268122673035, 0.7752190232276917, 0.785203754901886, 0.7987205982208252, 0.8114309310913086]
val_loss: [3.0284171104431152, 2.81408953666687, 2.483280658721924, 2.790315628051758, 2.753052234649658, 2.690866231918335, 2.925809860229492, 2.689648389816284, 2.889554023742676, 2.9687626361846924]
val_accuracy: [0.4009999930858612, 0.4968000054359436, 0.5321999788284302, 0.5419999957084656, 0.569599986076355, 0.5690000057220459, 0.5753999948501587, 0.5771999955177307, 0.6003999710083008, 0.602400004863739]

===== Network 21/30 =====
loss: [1.6626805067062378, 1.3051354885101318, 1.1479638814926147, 1.0131405591964722, 0.9201078414916992, 0.847472608089447, 0.7847022414207458, 0.7331187129020691, 0.6914179921150208, 0.6524719595909119]
accuracy: [0.36498722434043884, 0.516692578792572, 0.5780468583106995, 0.6328741312026978, 0.6723697185516357, 0.6980891227722168, 0.72147536277771, 0.7380013465881348, 0.7538329362869263, 0.7696089148521423]
val_loss: [2.95219349861145, 2.8752291202545166, 2.689286708831787, 2.9337258338928223, 2.70560622215271, 2.7371749877929688, 3.0219082832336426, 2.937891960144043, 3.018688201904297, 2.924772024154663]
val_accuracy: [0.3440000116825104, 0.43540000915527344, 0.4814000129699707, 0.44440001249313354, 0.4952000081539154, 0.548799991607666, 0.5511999726295471, 0.5392000079154968, 0.5559999942779541, 0.5649999976158142]

===== Network 22/30 =====
loss: [1.6119816303253174, 1.211228370666504, 1.05377197265625, 0.9631994366645813, 0.8865326046943665, 0.8245967030525208, 0.7797548770904541, 0.7399746775627136, 0.7037652730941772, 0.6721813082695007]
accuracy: [0.3900935649871826, 0.5576810836791992, 0.6194852590560913, 0.6529971957206726, 0.6807063221931458, 0.7041674852371216, 0.7185218334197998, 0.7358192205429077, 0.7469528317451477, 0.7596967816352844]
val_loss: [2.9852890968322754, 2.847294569015503, 2.824857473373413, 2.9458065032958984, 2.9785585403442383, 2.9411377906799316, 2.956434488296509, 3.0251283645629883, 2.9375059604644775, 3.018104314804077]
val_accuracy: [0.4228000044822693, 0.45840001106262207, 0.49480000138282776, 0.4970000088214874, 0.5266000032424927, 0.5406000018119812, 0.5455999970436096, 0.557200014591217, 0.548799991607666, 0.5501999855041504]

===== Network 23/30 =====
loss: [1.5186952352523804, 1.1003092527389526, 0.894899845123291, 0.7555544376373291, 0.6697249412536621, 0.6000625491142273, 0.5509653091430664, 0.5045223236083984, 0.4764469563961029, 0.4484331011772156]
accuracy: [0.43843650817871094, 0.6055989265441895, 0.6818270087242126, 0.7312279343605042, 0.7612521052360535, 0.7889689207077026, 0.8090128302574158, 0.8221901059150696, 0.8318645358085632, 0.844346821308136]
val_loss: [2.754559278488159, 3.4622883796691895, 2.817324638366699, 2.8434624671936035, 2.7080185413360596, 3.043870210647583, 3.054163932800293, 3.0396621227264404, 2.761357069015503, 2.504988193511963]
val_accuracy: [0.44200000166893005, 0.5008000135421753, 0.5468000173568726, 0.5928000211715698, 0.5974000096321106, 0.5849999785423279, 0.6237999796867371, 0.6277999877929688, 0.6110000014305115, 0.6093999743461609]

===== Network 24/30 =====
loss: [1.6924047470092773, 1.2179523706436157, 1.037941813468933, 0.9262465238571167, 0.8416772484779358, 0.7883657813072205, 0.7454248070716858, 0.7061346769332886, 0.679636538028717, 0.6478139162063599]
accuracy: [0.36826446652412415, 0.563977062702179, 0.630345344543457, 0.6710504293441772, 0.702969491481781, 0.7227659225463867, 0.7375020980834961, 0.7514597177505493, 0.7592170238494873, 0.7713118195533752]
val_loss: [2.6868367195129395, 2.967555046081543, 2.7517030239105225, 2.8652756214141846, 2.8510231971740723, 2.8739359378814697, 3.029360771179199, 2.9768943786621094, 3.565300464630127, 3.06200909614563]
val_accuracy: [0.4065999984741211, 0.46380001306533813, 0.5059999823570251, 0.5378000140190125, 0.5392000079154968, 0.5555999875068665, 0.5591999888420105, 0.5558000206947327, 0.5644000172615051, 0.5540000200271606]

===== Network 25/30 =====
loss: [1.623702883720398, 1.264223575592041, 1.0703047513961792, 0.9333711266517639, 0.8441914319992065, 0.7788529396057129, 0.7347390055656433, 0.6809708476066589, 0.6412490010261536, 0.6124228835105896]
accuracy: [0.38085058331489563, 0.5313697457313538, 0.6122647523880005, 0.6667869687080383, 0.7002109885215759, 0.723085880279541, 0.7400755286216736, 0.7564544081687927, 0.7732219099998474, 0.781772255897522]
val_loss: [2.648672103881836, 2.828864097595215, 2.738211154937744, 3.1182031631469727, 2.7862513065338135, 3.014777183532715, 2.851349353790283, 2.9729812145233154, 3.384124517440796, 3.324779748916626]
val_accuracy: [0.39079999923706055, 0.4643999934196472, 0.5034000277519226, 0.5351999998092651, 0.5230000019073486, 0.5455999970436096, 0.5486000180244446, 0.5493999719619751, 0.5727999806404114, 0.5734000205993652]

===== Network 26/30 =====
loss: [1.6442697048187256, 1.2494887113571167, 1.0789283514022827, 0.9699832797050476, 0.8818435072898865, 0.8252735137939453, 0.7774754166603088, 0.7408993244171143, 0.6929333806037903, 0.6675472259521484]
accuracy: [0.39125001430511475, 0.5524722337722778, 0.6161388754844666, 0.6571944355964661, 0.6872777938842773, 0.7080833315849304, 0.7249722480773926, 0.7403333187103271, 0.7564444541931152, 0.7638611197471619]
val_loss: [2.897599697113037, 2.733290910720825, 2.8611533641815186, 2.799893379211426, 2.9293627738952637, 2.8646485805511475, 3.1019043922424316, 3.09147310256958, 3.315248727798462, 3.275390863418579]
val_accuracy: [0.3937999904155731, 0.4359999895095825, 0.4643999934196472, 0.5252000093460083, 0.5406000018119812, 0.519599974155426, 0.5386000275611877, 0.5393999814987183, 0.5547999739646912, 0.550000011920929]

===== Network 27/30 =====
loss: [1.6010977029800415, 1.2038722038269043, 1.0342305898666382, 0.9114325642585754, 0.833516001701355, 0.7663067579269409, 0.7175913453102112, 0.6762481927871704, 0.64115309715271, 0.610317051410675]
accuracy: [0.37971732020378113, 0.5470272898674011, 0.6173946857452393, 0.6698508858680725, 0.6978422999382019, 0.7236122488975525, 0.7406625747680664, 0.7577962279319763, 0.7659326195716858, 0.7795395851135254]
val_loss: [2.8341379165649414, 2.7995426654815674, 2.759434223175049, 2.9603123664855957, 2.8728866577148438, 3.1526241302490234, 2.8755505084991455, 2.8956570625305176, 3.035297155380249, 3.1129820346832275]
val_accuracy: [0.38960000872612, 0.46320000290870667, 0.5095999836921692, 0.4997999966144562, 0.5428000092506409, 0.5446000099182129, 0.5558000206947327, 0.5648000240325928, 0.5651999711990356, 0.5616000294685364]

===== Network 28/30 =====
loss: [1.6399292945861816, 1.1852694749832153, 0.9794512391090393, 0.8708739280700684, 0.7887637615203857, 0.7279595136642456, 0.6802309155464172, 0.6451333165168762, 0.6043223738670349, 0.5739873647689819]
accuracy: [0.3897688090801239, 0.5661331415176392, 0.6480215787887573, 0.6838390827178955, 0.7154607176780701, 0.7411915063858032, 0.7563632130622864, 0.7690063118934631, 0.7836501002311707, 0.7941257953643799]
val_loss: [2.8268966674804688, 2.72182035446167, 2.739102602005005, 2.6399502754211426, 2.8740131855010986, 2.705340623855591, 2.779547929763794, 2.8234879970550537, 3.0747761726379395, 3.241969108581543]
val_accuracy: [0.3901999890804291, 0.5008000135421753, 0.5271999835968018, 0.5446000099182129, 0.5454000234603882, 0.5699999928474426, 0.5770000219345093, 0.5676000118255615, 0.5812000036239624, 0.578000009059906]

===== Network 29/30 =====
loss: [1.579331874847412, 1.1553651094436646, 0.9810143113136292, 0.8793745636940002, 0.8079897165298462, 0.7504928112030029, 0.7071064114570618, 0.6642537117004395, 0.6339718699455261, 0.6106729507446289]
accuracy: [0.40029430389404297, 0.5802420973777771, 0.6459906697273254, 0.6856397390365601, 0.7114893198013306, 0.7318136096000671, 0.7471123933792114, 0.7638272047042847, 0.7718514204025269, 0.7808196544647217]
val_loss: [2.8972346782684326, 2.9795117378234863, 2.9708516597747803, 2.893841028213501, 3.1119306087493896, 3.0182619094848633, 2.915081739425659, 3.0106093883514404, 3.2799596786499023, 3.1720216274261475]
val_accuracy: [0.43380001187324524, 0.4659999907016754, 0.5145999789237976, 0.5302000045776367, 0.5460000038146973, 0.5508000254631042, 0.5630000233650208, 0.5473999977111816, 0.5627999901771545, 0.5437999963760376]

===== Network 30/30 =====
loss: [1.7091761827468872, 1.3183701038360596, 1.121970295906067, 0.9989328980445862, 0.9133664965629578, 0.8484641313552856, 0.7925078272819519, 0.7492438554763794, 0.7107617855072021, 0.6753193140029907]
accuracy: [0.3388907313346863, 0.5114760398864746, 0.5900855660438538, 0.6341280341148376, 0.6716127395629883, 0.6918694972991943, 0.7155162692070007, 0.7318828701972961, 0.7449427843093872, 0.7585583925247192]
val_loss: [2.9338886737823486, 2.6607205867767334, 2.9575557708740234, 2.8495655059814453, 3.075129508972168, 2.8086419105529785, 2.805583953857422, 3.300447702407837, 2.997849702835083, 3.0072505474090576]
val_accuracy: [0.3628000020980835, 0.4350000023841858, 0.492000013589859, 0.4812000095844269, 0.5246000289916992, 0.5270000100135803, 0.5415999889373779, 0.5472000241279602, 0.5468000173568726, 0.5519999861717224]

Training time: 3870.67 seconds

Accuracy prob. median voting:	0.7947
Accuracy prob. majority voting:	0.7966
Accuracy class majority voting:	0.7924
