Model: "Model_0_of_5"
_________________________________________________________________
 Layer (type)                Output Shape              Param #   
=================================================================
 conv2d (Conv2D)             (None, 32, 32, 5)         140       
                                                                 
 conv2d_1 (Conv2D)           (None, 32, 32, 10)        460       
                                                                 
 conv2d_2 (Conv2D)           (None, 32, 32, 20)        1820      
                                                                 
 max_pooling2d (MaxPooling2D  (None, 16, 16, 20)       0         
 )                                                               
                                                                 
 conv2d_3 (Conv2D)           (None, 16, 16, 40)        7240      
                                                                 
 max_pooling2d_1 (MaxPooling  (None, 8, 8, 40)         0         
 2D)                                                             
                                                                 
 conv2d_4 (Conv2D)           (None, 8, 8, 80)          28880     
                                                                 
 max_pooling2d_2 (MaxPooling  (None, 4, 4, 80)         0         
 2D)                                                             
                                                                 
 flatten (Flatten)           (None, 1280)              0         
                                                                 
 dense (Dense)               (None, 10)                12810     
                                                                 
=================================================================
Total params: 51,350
Trainable params: 51,350
Non-trainable params: 0
_________________________________________________________________
===== Network 1/5 =====
loss: [1.5848894119262695, 1.1287763118743896, 0.9320879578590393, 0.8086999654769897, 0.7230381369590759, 0.6617345213890076, 0.6123731732368469, 0.5648102164268494, 0.5317510366439819, 0.5022314786911011]
accuracy: [0.3963514268398285, 0.5826610326766968, 0.6636723875999451, 0.7089189887046814, 0.7413291335105896, 0.7613462805747986, 0.7815021276473999, 0.7971665263175964, 0.8083673119544983, 0.8195403218269348]
val_loss: [2.7357492446899414, 2.745356559753418, 2.7084171772003174, 2.9009158611297607, 3.0048844814300537, 3.2504537105560303, 3.3121182918548584, 3.2005958557128906, 3.0899627208709717, 3.601811647415161]
val_accuracy: [0.430400013923645, 0.5027999877929688, 0.5257999897003174, 0.527400016784668, 0.5648000240325928, 0.5583999752998352, 0.5824000239372253, 0.576200008392334, 0.5680000185966492, 0.5573999881744385]

===== Network 2/5 =====
loss: [1.490237832069397, 1.0626568794250488, 0.8512255549430847, 0.7117530703544617, 0.6226230263710022, 0.5545480847358704, 0.5025867223739624, 0.46076780557632446, 0.427570104598999, 0.39852461218833923]
accuracy: [0.4404245913028717, 0.6123707890510559, 0.6936200857162476, 0.7477214336395264, 0.7806491255760193, 0.8059353232383728, 0.8192731142044067, 0.8382794260978699, 0.8483383059501648, 0.8593975901603699]
val_loss: [2.7136521339416504, 2.6337451934814453, 2.697042465209961, 2.850909471511841, 3.0296194553375244, 2.772571563720703, 2.851699113845825, 3.0207464694976807, 3.3640401363372803, 3.257852792739868]
val_accuracy: [0.4189999997615814, 0.5386000275611877, 0.5802000164985657, 0.578000009059906, 0.6029999852180481, 0.6204000115394592, 0.6028000116348267, 0.6205999851226807, 0.6187999844551086, 0.6276000142097473]

===== Network 3/5 =====
loss: [1.588596224784851, 1.070139765739441, 0.8552996516227722, 0.7384480237960815, 0.666292130947113, 0.6073282361030579, 0.5573316812515259, 0.5136482119560242, 0.48756515979766846, 0.45113053917884827]
accuracy: [0.39791011810302734, 0.6078147888183594, 0.6910485625267029, 0.732401430606842, 0.759164035320282, 0.7811466455459595, 0.7996276021003723, 0.8138009905815125, 0.8240280151367188, 0.8373676538467407]
val_loss: [2.969965934753418, 2.7529866695404053, 2.7045300006866455, 2.546189546585083, 2.83158802986145, 2.8171727657318115, 2.7361347675323486, 2.9201011657714844, 2.567671775817871, 2.8017313480377197]
val_accuracy: [0.43959999084472656, 0.5356000065803528, 0.5745999813079834, 0.597000002861023, 0.5785999894142151, 0.5964000225067139, 0.5924000144004822, 0.6123999953269958, 0.6115999817848206, 0.6123999953269958]

===== Network 4/5 =====
loss: [1.5746861696243286, 1.1155451536178589, 0.9152196645736694, 0.7883885502815247, 0.7085713744163513, 0.639988124370575, 0.591607928276062, 0.5491284132003784, 0.5047486424446106, 0.4725882112979889]
accuracy: [0.4046522080898285, 0.5876033902168274, 0.6663798093795776, 0.7157886028289795, 0.7461555600166321, 0.7687503695487976, 0.7848220467567444, 0.8027257919311523, 0.819297194480896, 0.8315938711166382]
val_loss: [2.6720802783966064, 2.784168243408203, 2.807101011276245, 2.9126877784729004, 3.0001895427703857, 2.989001512527466, 2.890723466873169, 3.058950424194336, 3.0896847248077393, 3.2879557609558105]
val_accuracy: [0.42739999294281006, 0.5004000067710876, 0.5425999760627747, 0.5616000294685364, 0.5667999982833862, 0.5878000259399414, 0.5892000198364258, 0.5929999947547913, 0.6028000116348267, 0.5907999873161316]

===== Network 5/5 =====
loss: [1.5626983642578125, 1.1364428997039795, 0.9374375939369202, 0.8172440528869629, 0.7312871217727661, 0.6676018238067627, 0.6113960146903992, 0.5612582564353943, 0.5210005640983582, 0.48149433732032776]
accuracy: [0.4126029908657074, 0.5838065147399902, 0.6660821437835693, 0.7082776427268982, 0.7383099794387817, 0.762385904788971, 0.7805054783821106, 0.7997661828994751, 0.8144344091415405, 0.8271265029907227]
val_loss: [2.5577826499938965, 2.6091885566711426, 2.528738260269165, 2.8236145973205566, 2.912174701690674, 2.6403615474700928, 2.9412477016448975, 2.9321067333221436, 3.024522542953491, 3.3003828525543213]
val_accuracy: [0.4490000009536743, 0.5157999992370605, 0.5455999970436096, 0.5644000172615051, 0.5911999940872192, 0.6021999716758728, 0.5952000021934509, 0.6000000238418579, 0.6047999858856201, 0.6177999973297119]

Training time: 820.80 seconds

Accuracy prob. median voting:	0.699
Accuracy prob. majority voting:	0.7044
Accuracy class majority voting:	0.6981
