Model: "Model_0_of_30"
_________________________________________________________________
 Layer (type)                Output Shape              Param #   
=================================================================
 conv2d (Conv2D)             (None, 32, 32, 5)         140       
                                                                 
 conv2d_1 (Conv2D)           (None, 32, 32, 10)        460       
                                                                 
 conv2d_2 (Conv2D)           (None, 32, 32, 20)        1820      
                                                                 
 max_pooling2d (MaxPooling2D  (None, 16, 16, 20)       0         
 )                                                               
                                                                 
 conv2d_3 (Conv2D)           (None, 16, 16, 40)        7240      
                                                                 
 max_pooling2d_1 (MaxPooling  (None, 8, 8, 40)         0         
 2D)                                                             
                                                                 
 conv2d_4 (Conv2D)           (None, 8, 8, 80)          28880     
                                                                 
 max_pooling2d_2 (MaxPooling  (None, 4, 4, 80)         0         
 2D)                                                             
                                                                 
 flatten (Flatten)           (None, 1280)              0         
                                                                 
 dense (Dense)               (None, 10)                12810     
                                                                 
=================================================================
Total params: 51,350
Trainable params: 51,350
Non-trainable params: 0
_________________________________________________________________
===== Network 1/30 =====
loss: [1.5897372961044312, 1.155741572380066, 0.9673282504081726, 0.848482608795166, 0.7610553503036499, 0.6927813291549683, 0.6474581956863403, 0.5952714681625366, 0.5594618916511536, 0.5222750902175903]
accuracy: [0.3962400257587433, 0.572186291217804, 0.6474688053131104, 0.6955374479293823, 0.7281108498573303, 0.7528810501098633, 0.7692927122116089, 0.7884257435798645, 0.8011441230773926, 0.8125295042991638]
val_loss: [2.7562382221221924, 2.5889034271240234, 2.8363139629364014, 2.6272425651550293, 2.723080635070801, 2.853048086166382, 2.6913301944732666, 2.934086322784424, 3.1440622806549072, 3.0320353507995605]
val_accuracy: [0.42399999499320984, 0.487199991941452, 0.5285999774932861, 0.545199990272522, 0.5582000017166138, 0.5767999887466431, 0.576200008392334, 0.5703999996185303, 0.5794000029563904, 0.5899999737739563]

===== Network 2/30 =====
loss: [1.5633794069290161, 1.0671149492263794, 0.8551897406578064, 0.7242690920829773, 0.6287784576416016, 0.5603447556495667, 0.5042629837989807, 0.4600472152233124, 0.4231593608856201, 0.38688233494758606]
accuracy: [0.41228777170181274, 0.6122210621833801, 0.6968072056770325, 0.7437963485717773, 0.7788367867469788, 0.8025676012039185, 0.8214077353477478, 0.8365798592567444, 0.8491399884223938, 0.8629505038261414]
val_loss: [2.675642490386963, 3.131805181503296, 2.6899702548980713, 2.695141077041626, 2.998652935028076, 2.9066145420074463, 2.8024680614471436, 2.883871555328369, 2.808715581893921, 3.2510247230529785]
val_accuracy: [0.4496000111103058, 0.5415999889373779, 0.5685999989509583, 0.5888000130653381, 0.6233999729156494, 0.6176000237464905, 0.6043999791145325, 0.6399999856948853, 0.6248000264167786, 0.633400022983551]

===== Network 3/30 =====
loss: [1.535267949104309, 1.066470980644226, 0.8600672483444214, 0.7268173098564148, 0.641122579574585, 0.579135000705719, 0.5253843665122986, 0.48325809836387634, 0.44642558693885803, 0.4143677353858948]
accuracy: [0.4201106131076813, 0.6080153584480286, 0.6899474859237671, 0.7374169826507568, 0.7684611082077026, 0.7903338074684143, 0.8096495270729065, 0.8244073390960693, 0.8394152522087097, 0.8492815494537354]
val_loss: [2.603123903274536, 2.508300542831421, 2.7030606269836426, 2.580171585083008, 2.442147731781006, 2.6799187660217285, 2.866070508956909, 2.831810235977173, 3.048556327819824, 2.9620044231414795]
val_accuracy: [0.4560000002384186, 0.5329999923706055, 0.5720000267028809, 0.5907999873161316, 0.6007999777793884, 0.5920000076293945, 0.6010000109672546, 0.5907999873161316, 0.6168000102043152, 0.6155999898910522]

===== Network 4/30 =====
loss: [1.5271555185317993, 1.1177771091461182, 0.9404953718185425, 0.8257579207420349, 0.735758900642395, 0.6564448475837708, 0.6038431525230408, 0.5582401752471924, 0.5182394981384277, 0.47812020778656006]
accuracy: [0.421974778175354, 0.5866051912307739, 0.6577442288398743, 0.700227677822113, 0.7339645624160767, 0.7647859454154968, 0.7832232117652893, 0.8004942536354065, 0.8126006722450256, 0.8275670409202576]
val_loss: [2.7578463554382324, 2.7586288452148438, 2.6668944358825684, 3.1145663261413574, 2.979231357574463, 3.157567024230957, 3.1841301918029785, 2.9061694145202637, 3.1730008125305176, 3.388532876968384]
val_accuracy: [0.4253999888896942, 0.5027999877929688, 0.5325999855995178, 0.5397999882698059, 0.5622000098228455, 0.571399986743927, 0.5594000220298767, 0.5835999846458435, 0.5929999947547913, 0.5849999785423279]

===== Network 5/30 =====
loss: [1.5926861763000488, 1.1209473609924316, 0.9342837333679199, 0.8174906969070435, 0.7353395223617554, 0.6728346943855286, 0.6153656840324402, 0.5700327754020691, 0.5337046384811401, 0.49940600991249084]
accuracy: [0.396638423204422, 0.5954716205596924, 0.6649256944656372, 0.7073760032653809, 0.7396860718727112, 0.7596055269241333, 0.7813029885292053, 0.7976385354995728, 0.809945821762085, 0.8217252492904663]
val_loss: [2.8370871543884277, 2.8684232234954834, 2.8941893577575684, 2.925987482070923, 3.0635502338409424, 2.859873056411743, 3.109659194946289, 3.0130293369293213, 3.1540729999542236, 3.312506675720215]
val_accuracy: [0.4318000078201294, 0.5228000283241272, 0.532800018787384, 0.5595999956130981, 0.5856000185012817, 0.5723999738693237, 0.5874000191688538, 0.5914000272750854, 0.597599983215332, 0.592199981212616]

===== Network 6/30 =====
loss: [1.538169264793396, 1.0390219688415527, 0.8648048043251038, 0.7528558373451233, 0.6827945113182068, 0.6245624423027039, 0.5738398432731628, 0.5352356433868408, 0.49635037779808044, 0.4598744511604309]
accuracy: [0.42408421635627747, 0.6196017265319824, 0.6890048980712891, 0.7298025488853455, 0.7562418580055237, 0.7759602069854736, 0.7937623262405396, 0.806926429271698, 0.8218679428100586, 0.8352542519569397]
val_loss: [2.6689987182617188, 2.770235061645508, 2.596635341644287, 2.609065532684326, 2.714108467102051, 2.817067861557007, 2.809981107711792, 2.9365453720092773, 2.9441328048706055, 3.1236231327056885]
val_accuracy: [0.4602000117301941, 0.5063999891281128, 0.5461999773979187, 0.5817999839782715, 0.5491999983787537, 0.5996000170707703, 0.6057999730110168, 0.599399983882904, 0.61080002784729, 0.5884000062942505]

===== Network 7/30 =====
loss: [1.6365333795547485, 1.217779517173767, 1.0400570631027222, 0.9142919778823853, 0.8215949535369873, 0.7481243014335632, 0.6871249675750732, 0.6454258561134338, 0.6090383529663086, 0.5694743394851685]
accuracy: [0.38588300347328186, 0.5460886359214783, 0.6209532022476196, 0.6696123480796814, 0.706989049911499, 0.7319994568824768, 0.7552313208580017, 0.7671529650688171, 0.7818257808685303, 0.7951646447181702]
val_loss: [2.8296170234680176, 2.9366891384124756, 2.696772813796997, 2.6655333042144775, 2.746063232421875, 2.8341989517211914, 2.8768835067749023, 3.018021583557129, 2.5979621410369873, 2.980987071990967]
val_accuracy: [0.4032000005245209, 0.4611999988555908, 0.5116000175476074, 0.5350000262260437, 0.5281999707221985, 0.5493999719619751, 0.5400000214576721, 0.5582000017166138, 0.5681999921798706, 0.5735999941825867]

===== Network 8/30 =====
loss: [1.5741838216781616, 1.14316725730896, 0.9469724893569946, 0.8118734955787659, 0.7163390517234802, 0.6449755430221558, 0.5923596024513245, 0.5499668121337891, 0.5108291506767273, 0.47665855288505554]
accuracy: [0.3996943533420563, 0.5702695250511169, 0.6521811485290527, 0.7048346996307373, 0.7383995652198792, 0.7654904127120972, 0.7854959964752197, 0.7992219924926758, 0.8147262930870056, 0.8274798393249512]
val_loss: [2.8994407653808594, 2.6737751960754395, 2.596754550933838, 2.869002103805542, 2.7759604454040527, 2.5808050632476807, 2.803651809692383, 3.0867087841033936, 3.1238698959350586, 3.0698540210723877]
val_accuracy: [0.4138000011444092, 0.5012000203132629, 0.5320000052452087, 0.5626000165939331, 0.5753999948501587, 0.5884000062942505, 0.5849999785423279, 0.5867999792098999, 0.598800003528595, 0.59579998254776]

===== Network 9/30 =====
loss: [1.6256780624389648, 1.1441365480422974, 0.9408912062644958, 0.8005363941192627, 0.7005788087844849, 0.6340665221214294, 0.5759653449058533, 0.5275644659996033, 0.4887753427028656, 0.453576922416687]
accuracy: [0.37231913208961487, 0.57636958360672, 0.6625736355781555, 0.7157183885574341, 0.7525002956390381, 0.776725172996521, 0.7973108291625977, 0.8144237995147705, 0.82859206199646, 0.8395377397537231]
val_loss: [2.8360674381256104, 2.993300676345825, 2.8224406242370605, 2.6861274242401123, 2.677701711654663, 2.806138753890991, 2.97007155418396, 3.177699327468872, 3.3185386657714844, 3.517150402069092]
val_accuracy: [0.41999998688697815, 0.5027999877929688, 0.5221999883651733, 0.5738000273704529, 0.5870000123977661, 0.5892000198364258, 0.5965999960899353, 0.6097999811172485, 0.6055999994277954, 0.5974000096321106]

===== Network 10/30 =====
loss: [1.6324117183685303, 1.1754119396209717, 0.9930304884910583, 0.8821244239807129, 0.7983418107032776, 0.7405054569244385, 0.6830678582191467, 0.638957142829895, 0.6106001138687134, 0.5696617364883423]
accuracy: [0.38187071681022644, 0.5661646127700806, 0.6362196207046509, 0.6827099323272705, 0.7138053774833679, 0.7348413467407227, 0.7544600963592529, 0.7726337909698486, 0.7803868055343628, 0.7950869798660278]
val_loss: [2.809089422225952, 2.8615505695343018, 2.7723965644836426, 2.673313617706299, 2.9316883087158203, 3.0648608207702637, 2.7110939025878906, 3.202547550201416, 3.137329578399658, 2.9663257598876953]
val_accuracy: [0.42640000581741333, 0.49239999055862427, 0.5167999863624573, 0.5365999937057495, 0.5523999929428101, 0.5720000267028809, 0.5784000158309937, 0.5723999738693237, 0.5821999907493591, 0.5691999793052673]

===== Network 11/30 =====
loss: [1.5716978311538696, 1.0748790502548218, 0.867891788482666, 0.7592518925666809, 0.6776632070541382, 0.6221063137054443, 0.5771853923797607, 0.5398570895195007, 0.49979740381240845, 0.4662682116031647]
accuracy: [0.41002556681632996, 0.6151217222213745, 0.6922863125801086, 0.7329109907150269, 0.7623374462127686, 0.7816494107246399, 0.796626627445221, 0.8088807463645935, 0.8226353526115417, 0.8349727392196655]
val_loss: [2.9667131900787354, 2.6947860717773438, 2.5903100967407227, 2.6520872116088867, 3.0633678436279297, 2.9923484325408936, 3.2747743129730225, 3.133131742477417, 3.077979803085327, 3.257850170135498]
val_accuracy: [0.43059998750686646, 0.5351999998092651, 0.5669999718666077, 0.5888000130653381, 0.5935999751091003, 0.5961999893188477, 0.6137999892234802, 0.6060000061988831, 0.6172000169754028, 0.6069999933242798]

===== Network 12/30 =====
loss: [1.5590802431106567, 1.0826724767684937, 0.8772886395454407, 0.755547821521759, 0.6743082404136658, 0.6061394810676575, 0.5626646876335144, 0.5152701139450073, 0.47707393765449524, 0.44466710090637207]
accuracy: [0.41089344024658203, 0.601389467716217, 0.6808114647865295, 0.7266916632652283, 0.7561761736869812, 0.7813533544540405, 0.7971932888031006, 0.8143948912620544, 0.829289972782135, 0.8415172696113586]
val_loss: [2.5773816108703613, 2.792757987976074, 2.4587793350219727, 2.618976593017578, 2.5730650424957275, 2.770676851272583, 2.9009015560150146, 2.744407892227173, 3.052963972091675, 2.781067371368408]
val_accuracy: [0.44200000166893005, 0.5249999761581421, 0.5598000288009644, 0.5789999961853027, 0.5741999745368958, 0.600600004196167, 0.5997999906539917, 0.5934000015258789, 0.6033999919891357, 0.6043999791145325]

===== Network 13/30 =====
loss: [1.65567946434021, 1.2255281209945679, 1.0044575929641724, 0.8644254803657532, 0.7711138725280762, 0.6967324018478394, 0.6376194357872009, 0.5959086418151855, 0.5593665242195129, 0.5133959054946899]
accuracy: [0.37550702691078186, 0.5565927624702454, 0.6428849101066589, 0.6957826018333435, 0.7302606105804443, 0.7560426592826843, 0.7776018381118774, 0.7932432889938354, 0.8046063184738159, 0.8191642761230469]
val_loss: [2.6672401428222656, 3.2118337154388428, 2.6847376823425293, 2.789835214614868, 2.7718262672424316, 3.0322353839874268, 2.9777050018310547, 3.122789144515991, 3.063047409057617, 3.3574893474578857]
val_accuracy: [0.3962000012397766, 0.4620000123977661, 0.5332000255584717, 0.5533999800682068, 0.5770000219345093, 0.5934000015258789, 0.5866000056266785, 0.6019999980926514, 0.5965999960899353, 0.605400025844574]

===== Network 14/30 =====
loss: [1.5509109497070312, 1.0915522575378418, 0.8919543027877808, 0.7500641942024231, 0.654599130153656, 0.5821561217308044, 0.530238687992096, 0.487028032541275, 0.4508240818977356, 0.41604650020599365]
accuracy: [0.4129112958908081, 0.6030820608139038, 0.6804109215736389, 0.7337498068809509, 0.7676523923873901, 0.7962793111801147, 0.8137442469596863, 0.8279050588607788, 0.8409829139709473, 0.8528668880462646]
val_loss: [2.9973397254943848, 2.659107208251953, 2.6131718158721924, 2.707782745361328, 3.0391316413879395, 2.86361026763916, 2.637097120285034, 2.9721758365631104, 3.0919454097747803, 3.2627217769622803]
val_accuracy: [0.4397999942302704, 0.5019999742507935, 0.5568000078201294, 0.5842000246047974, 0.5907999873161316, 0.5968000292778015, 0.6096000075340271, 0.6061999797821045, 0.6123999953269958, 0.6155999898910522]

===== Network 15/30 =====
loss: [1.567912220954895, 1.1079477071762085, 0.8967852592468262, 0.7698375582695007, 0.6765229105949402, 0.6160345673561096, 0.5586300492286682, 0.5095152854919434, 0.4655090272426605, 0.4357821047306061]
accuracy: [0.4075225591659546, 0.5956141352653503, 0.680610716342926, 0.729188084602356, 0.7614156603813171, 0.7829285264015198, 0.8033032417297363, 0.8218459486961365, 0.8355308771133423, 0.8489104509353638]
val_loss: [2.762608289718628, 3.085524082183838, 2.8718390464782715, 2.926250696182251, 3.3660285472869873, 2.7742230892181396, 2.9791643619537354, 3.0254006385803223, 3.1841325759887695, 3.342456340789795]
val_accuracy: [0.4041999876499176, 0.5123999714851379, 0.5600000023841858, 0.5817999839782715, 0.5559999942779541, 0.5831999778747559, 0.604200005531311, 0.6011999845504761, 0.602400004863739, 0.604200005531311]

===== Network 16/30 =====
loss: [1.6042580604553223, 1.0841431617736816, 0.891906201839447, 0.7862619161605835, 0.7084416747093201, 0.6455209255218506, 0.5903251767158508, 0.5443304181098938, 0.5154612064361572, 0.47711610794067383]
accuracy: [0.39101672172546387, 0.6021179556846619, 0.6761354207992554, 0.7151592373847961, 0.7438156604766846, 0.7689977288246155, 0.7892600893974304, 0.8035188317298889, 0.8136916756629944, 0.8269776105880737]
val_loss: [3.071631908416748, 2.657576084136963, 2.5327248573303223, 2.563685178756714, 2.66195011138916, 2.5709002017974854, 2.5117247104644775, 2.556318759918213, 2.74509859085083, 2.983135223388672]
val_accuracy: [0.42080000042915344, 0.5004000067710876, 0.531000018119812, 0.5748000144958496, 0.5881999731063843, 0.5866000056266785, 0.5848000049591064, 0.5849999785423279, 0.5935999751091003, 0.5996000170707703]

===== Network 17/30 =====
loss: [1.5179414749145508, 1.0444862842559814, 0.8572237491607666, 0.7355453372001648, 0.6511436700820923, 0.5940796136856079, 0.5382945537567139, 0.49706658720970154, 0.4562595784664154, 0.4262225925922394]
accuracy: [0.43815547227859497, 0.6238000392913818, 0.6953276991844177, 0.7437434196472168, 0.7737916707992554, 0.7921314239501953, 0.8126075267791748, 0.8255646228790283, 0.8393818140029907, 0.8483158349990845]
val_loss: [2.9876163005828857, 3.011151075363159, 3.0734105110168457, 2.7733266353607178, 2.9811346530914307, 3.0564587116241455, 2.753892421722412, 3.069740056991577, 3.63210391998291, 2.968188524246216]
val_accuracy: [0.4503999948501587, 0.5055999755859375, 0.550599992275238, 0.5794000029563904, 0.5924000144004822, 0.5741999745368958, 0.6060000061988831, 0.6046000123023987, 0.5907999873161316, 0.6140000224113464]

===== Network 18/30 =====
loss: [1.5611741542816162, 1.11385977268219, 0.9226925373077393, 0.794255793094635, 0.7078611850738525, 0.6474416851997375, 0.5916735529899597, 0.5492682456970215, 0.5101724863052368, 0.476094514131546]
accuracy: [0.41635894775390625, 0.5997167825698853, 0.6738762259483337, 0.7220757007598877, 0.7532554268836975, 0.7753838300704956, 0.7929033637046814, 0.8086459040641785, 0.8215842247009277, 0.832162618637085]
val_loss: [3.0228540897369385, 2.682539463043213, 2.7676546573638916, 2.814659595489502, 3.227557420730591, 2.7227425575256348, 2.8231356143951416, 2.9969711303710938, 3.340693473815918, 3.082099437713623]
val_accuracy: [0.4341999888420105, 0.5156000256538391, 0.5297999978065491, 0.5662000179290771, 0.5911999940872192, 0.5888000130653381, 0.5925999879837036, 0.6001999974250793, 0.6011999845504761, 0.6101999878883362]

===== Network 19/30 =====
loss: [1.5501619577407837, 1.033945083618164, 0.8350808620452881, 0.7334516048431396, 0.6544371247291565, 0.5894439816474915, 0.542321503162384, 0.5083141922950745, 0.47004902362823486, 0.44225138425827026]
accuracy: [0.4128779470920563, 0.6232770085334778, 0.7046465277671814, 0.741496205329895, 0.7682303190231323, 0.7916296124458313, 0.8105269074440002, 0.8181691765785217, 0.8339817523956299, 0.8407625555992126]
val_loss: [2.85046648979187, 2.6530139446258545, 2.821974515914917, 2.8120579719543457, 2.734999656677246, 2.8581535816192627, 2.6422321796417236, 2.9187121391296387, 2.96869158744812, 2.8803699016571045]
val_accuracy: [0.4596000015735626, 0.5529999732971191, 0.5702000260353088, 0.5960000157356262, 0.6015999913215637, 0.59579998254776, 0.6115999817848206, 0.6172000169754028, 0.6205999851226807, 0.614799976348877]

===== Network 20/30 =====
loss: [1.5539443492889404, 1.1086781024932861, 0.9159777760505676, 0.8004217147827148, 0.7029653191566467, 0.6419308185577393, 0.5901603102684021, 0.5387704372406006, 0.4990745186805725, 0.4643174111843109]
accuracy: [0.4238671660423279, 0.5992336869239807, 0.6735617518424988, 0.719152569770813, 0.754636824131012, 0.7773212194442749, 0.7923423051834106, 0.8098345398902893, 0.8232174515724182, 0.8388216495513916]
val_loss: [2.884816884994507, 2.6312012672424316, 2.808429718017578, 2.509889602661133, 2.776292085647583, 2.9197494983673096, 2.9743385314941406, 3.062734365463257, 3.193150758743286, 3.340053081512451]
val_accuracy: [0.436599999666214, 0.5013999938964844, 0.5400000214576721, 0.5712000131607056, 0.573199987411499, 0.5776000022888184, 0.603600025177002, 0.5863999724388123, 0.6025999784469604, 0.5920000076293945]

===== Network 21/30 =====
loss: [1.7048472166061401, 1.3028470277786255, 1.1082415580749512, 0.9574649930000305, 0.8491747975349426, 0.7717128396034241, 0.7041849493980408, 0.6507255434989929, 0.608424723148346, 0.5678954124450684]
accuracy: [0.35028043389320374, 0.513467013835907, 0.5939634442329407, 0.6528294682502747, 0.6960904002189636, 0.7243571877479553, 0.7497639656066895, 0.7705059051513672, 0.7823624014854431, 0.7979952096939087]
val_loss: [3.1032183170318604, 2.903614044189453, 2.5642545223236084, 3.248950481414795, 3.2851386070251465, 2.980672836303711, 2.8403964042663574, 3.168823719024658, 3.0428977012634277, 3.0748965740203857]
val_accuracy: [0.38179999589920044, 0.4514000117778778, 0.4880000054836273, 0.5216000080108643, 0.5217999815940857, 0.5609999895095825, 0.5699999928474426, 0.5655999779701233, 0.5587999820709229, 0.5812000036239624]

===== Network 22/30 =====
loss: [1.717696189880371, 1.2825692892074585, 1.045356273651123, 0.9143509864807129, 0.8141656517982483, 0.7516202330589294, 0.6928215622901917, 0.6446305513381958, 0.5965948104858398, 0.5565813183784485]
accuracy: [0.35052233934402466, 0.5283951759338379, 0.6237497329711914, 0.6742053627967834, 0.7088519930839539, 0.7330517768859863, 0.7550289034843445, 0.7707546353340149, 0.7896199226379395, 0.8018170595169067]
val_loss: [2.5456154346466064, 2.6631686687469482, 3.0067319869995117, 2.6775641441345215, 2.8581631183624268, 2.6786131858825684, 3.2603206634521484, 3.1499929428100586, 3.1718268394470215, 3.449019432067871]
val_accuracy: [0.3905999958515167, 0.4602000117301941, 0.45840001106262207, 0.5320000052452087, 0.5478000044822693, 0.5580000281333923, 0.5766000151634216, 0.5662000179290771, 0.5830000042915344, 0.5752000212669373]

===== Network 23/30 =====
loss: [1.5081197023391724, 1.0368374586105347, 0.8163330554962158, 0.6843025088310242, 0.5924677848815918, 0.5309044122695923, 0.4790758788585663, 0.43863725662231445, 0.39924436807632446, 0.36864185333251953]
accuracy: [0.43241891264915466, 0.6244446635246277, 0.7114338278770447, 0.7602454423904419, 0.792814314365387, 0.8136106133460999, 0.8310472965240479, 0.8452354669570923, 0.8592569828033447, 0.8694191575050354]
val_loss: [2.6658413410186768, 2.983987808227539, 2.8412787914276123, 2.516944646835327, 2.679192304611206, 2.821992874145508, 2.7738873958587646, 2.9590749740600586, 3.601473331451416, 3.5029211044311523]
val_accuracy: [0.4453999996185303, 0.5297999978065491, 0.5802000164985657, 0.6104000210762024, 0.616599977016449, 0.6110000014305115, 0.6244000196456909, 0.6335999965667725, 0.6421999931335449, 0.6413999795913696]

===== Network 24/30 =====
loss: [1.7058418989181519, 1.235804557800293, 1.0436928272247314, 0.9244788885116577, 0.8397924304008484, 0.7749439477920532, 0.7134228944778442, 0.6724691987037659, 0.629632294178009, 0.6010010242462158]
accuracy: [0.3639167547225952, 0.5558087229728699, 0.6267748475074768, 0.6707049608230591, 0.7030481696128845, 0.7247214317321777, 0.7509517073631287, 0.7642335295677185, 0.7784878611564636, 0.7876017689704895]
val_loss: [3.088371753692627, 3.9312026500701904, 2.727997303009033, 2.9047868251800537, 3.122161865234375, 3.0630643367767334, 3.0114660263061523, 3.3888964653015137, 3.130204439163208, 3.313666343688965]
val_accuracy: [0.3919999897480011, 0.4196000099182129, 0.5063999891281128, 0.5386000275611877, 0.5392000079154968, 0.5558000206947327, 0.555400013923645, 0.555400013923645, 0.5616000294685364, 0.5547999739646912]

===== Network 25/30 =====
loss: [1.5907182693481445, 1.2010599374771118, 1.0253735780715942, 0.9067554473876953, 0.8270116448402405, 0.751000702381134, 0.7004122734069824, 0.6498345136642456, 0.6134892106056213, 0.5757295489311218]
accuracy: [0.39637261629104614, 0.5560493469238281, 0.6265137195587158, 0.675869345664978, 0.7041995525360107, 0.7337796092033386, 0.7512220740318298, 0.7675814032554626, 0.780913233757019, 0.7934396266937256]
val_loss: [2.8623149394989014, 3.121164083480835, 2.813699722290039, 3.061882734298706, 2.848008155822754, 2.8707854747772217, 2.8168680667877197, 3.3472418785095215, 3.173274040222168, 3.474543809890747]
val_accuracy: [0.3952000141143799, 0.4341999888420105, 0.5116000175476074, 0.4503999948501587, 0.5424000024795532, 0.557200014591217, 0.5493999719619751, 0.5583999752998352, 0.5360000133514404, 0.5651999711990356]

===== Network 26/30 =====
loss: [1.6900283098220825, 1.2755210399627686, 1.0926536321640015, 0.9701973795890808, 0.8659971952438354, 0.7948822975158691, 0.7361994385719299, 0.6852661371231079, 0.6406710147857666, 0.5974010229110718]
accuracy: [0.36702319979667664, 0.538408100605011, 0.611195981502533, 0.6554243564605713, 0.6951521039009094, 0.72254478931427, 0.7400749921798706, 0.7609667778015137, 0.7741352915763855, 0.7901930809020996]
val_loss: [3.000004768371582, 2.7713260650634766, 2.9488141536712646, 2.8520753383636475, 2.8768599033355713, 3.1543850898742676, 2.970228672027588, 2.865644693374634, 3.4642491340637207, 3.505061626434326]
val_accuracy: [0.39419999718666077, 0.4652000069618225, 0.48420000076293945, 0.5264000296592712, 0.5419999957084656, 0.5491999983787537, 0.5672000050544739, 0.5582000017166138, 0.5576000213623047, 0.5541999936103821]

===== Network 27/30 =====
loss: [1.5757801532745361, 1.1524430513381958, 0.9690967202186584, 0.8339248299598694, 0.7412741780281067, 0.669549822807312, 0.619182288646698, 0.5705795288085938, 0.5357706546783447, 0.49543631076812744]
accuracy: [0.3960382342338562, 0.5633161067962646, 0.6423570513725281, 0.6975885033607483, 0.7317330837249756, 0.758459746837616, 0.7762126922607422, 0.7953547835350037, 0.8076901435852051, 0.8223314881324768]
val_loss: [2.882375478744507, 2.855114698410034, 2.6727170944213867, 2.683555841445923, 2.8234689235687256, 2.9454331398010254, 2.974069833755493, 3.097195625305176, 2.8635215759277344, 2.9911866188049316]
val_accuracy: [0.4251999855041504, 0.48080000281333923, 0.5217999815940857, 0.5393999814987183, 0.576200008392334, 0.5741999745368958, 0.5726000070571899, 0.5781999826431274, 0.5838000178337097, 0.5929999947547913]

===== Network 28/30 =====
loss: [1.6508296728134155, 1.176786184310913, 0.979188859462738, 0.8517230749130249, 0.7664591670036316, 0.7094089984893799, 0.6534039974212646, 0.6069087386131287, 0.5639285445213318, 0.5324205756187439]
accuracy: [0.38053417205810547, 0.56685471534729, 0.6481476426124573, 0.6919207572937012, 0.7259109020233154, 0.7465606927871704, 0.765515148639679, 0.7833300828933716, 0.7998387813568115, 0.8088435530662537]
val_loss: [2.561702251434326, 2.7033145427703857, 2.905151605606079, 2.916907548904419, 2.780991315841675, 2.523852825164795, 2.939732789993286, 2.905730962753296, 2.7764475345611572, 2.7920758724212646]
val_accuracy: [0.3864000141620636, 0.47519999742507935, 0.5073999762535095, 0.5199999809265137, 0.5562000274658203, 0.5813999772071838, 0.5619999766349792, 0.579200029373169, 0.576200008392334, 0.5907999873161316]

===== Network 29/30 =====
loss: [1.6009000539779663, 1.1208529472351074, 0.936894953250885, 0.8259317278862, 0.7524667382240295, 0.6867477297782898, 0.6372136473655701, 0.5911378264427185, 0.5492755770683289, 0.5133596062660217]
accuracy: [0.3929087519645691, 0.5950316786766052, 0.6651939749717712, 0.705374002456665, 0.7333277463912964, 0.7556963562965393, 0.7722296118736267, 0.7923474311828613, 0.8059075474739075, 0.8177725672721863]
val_loss: [2.908742666244507, 2.7855236530303955, 2.7120110988616943, 2.919682502746582, 2.9443647861480713, 2.751894474029541, 2.906925678253174, 2.965650796890259, 3.0847995281219482, 3.083646774291992]
val_accuracy: [0.4300000071525574, 0.5013999938964844, 0.5493999719619751, 0.545199990272522, 0.5633999705314636, 0.5648000240325928, 0.5785999894142151, 0.5871999859809875, 0.5812000036239624, 0.5857999920845032]

===== Network 30/30 =====
loss: [1.6511871814727783, 1.2092498540878296, 1.0115423202514648, 0.878635048866272, 0.7960113883018494, 0.7263177037239075, 0.6725443601608276, 0.6313852667808533, 0.5858699083328247, 0.5590922832489014]
accuracy: [0.35943663120269775, 0.5500583648681641, 0.6324796080589294, 0.6827879548072815, 0.7144008278846741, 0.7393466234207153, 0.7588754892349243, 0.774543046951294, 0.7901549935340881, 0.8016278743743896]
val_loss: [2.927147388458252, 2.782376766204834, 2.9109864234924316, 3.1436357498168945, 2.9213883876800537, 2.9224135875701904, 3.2285778522491455, 3.041656970977783, 3.039226770401001, 3.2635743618011475]
val_accuracy: [0.3970000147819519, 0.4717999994754791, 0.5184000134468079, 0.5388000011444092, 0.5616000294685364, 0.545799970626831, 0.5752000212669373, 0.579200029373169, 0.58160001039505, 0.5699999928474426]

Training time: 4880.51 seconds

Accuracy prob. median voting:	0.8011
Accuracy prob. majority voting:	0.8007
Accuracy class majority voting:	0.7986
