Model: "Model_0_of_10"
_________________________________________________________________
 Layer (type)                Output Shape              Param #   
=================================================================
 conv2d (Conv2D)             (None, 32, 32, 5)         140       
                                                                 
 conv2d_1 (Conv2D)           (None, 32, 32, 10)        460       
                                                                 
 conv2d_2 (Conv2D)           (None, 32, 32, 20)        1820      
                                                                 
 max_pooling2d (MaxPooling2D  (None, 16, 16, 20)       0         
 )                                                               
                                                                 
 conv2d_3 (Conv2D)           (None, 16, 16, 40)        7240      
                                                                 
 max_pooling2d_1 (MaxPooling  (None, 8, 8, 40)         0         
 2D)                                                             
                                                                 
 conv2d_4 (Conv2D)           (None, 8, 8, 80)          28880     
                                                                 
 max_pooling2d_2 (MaxPooling  (None, 4, 4, 80)         0         
 2D)                                                             
                                                                 
 flatten (Flatten)           (None, 1280)              0         
                                                                 
 dense (Dense)               (None, 10)                12810     
                                                                 
=================================================================
Total params: 51,350
Trainable params: 51,350
Non-trainable params: 0
_________________________________________________________________
===== Network 1/10 =====
loss: [1.6607706546783447, 1.1677876710891724, 0.948867917060852, 0.8204395174980164, 0.7310343980789185, 0.6680018305778503, 0.6136828660964966, 0.5651596784591675, 0.5249332785606384, 0.493884801864624]
accuracy: [0.37266838550567627, 0.5693992972373962, 0.6543518900871277, 0.7026103138923645, 0.736691415309906, 0.7584855556488037, 0.7785005569458008, 0.7983487844467163, 0.81233149766922, 0.821810781955719]
val_loss: [2.7981836795806885, 2.8413245677948, 3.062239170074463, 2.6890430450439453, 2.7911055088043213, 2.8066134452819824, 2.919764757156372, 2.9313955307006836, 3.0342607498168945, 3.1810436248779297]
val_accuracy: [0.397599995136261, 0.47600001096725464, 0.49320000410079956, 0.5626000165939331, 0.5820000171661377, 0.579200029373169, 0.5911999940872192, 0.5914000272750854, 0.5898000001907349, 0.5971999764442444]

===== Network 2/10 =====
loss: [1.6155364513397217, 1.1345750093460083, 0.9260334372520447, 0.7954322099685669, 0.7015699744224548, 0.6281543970108032, 0.5692410469055176, 0.5174920558929443, 0.4770866930484772, 0.441219300031662]
accuracy: [0.39495378732681274, 0.588558554649353, 0.6692203283309937, 0.7176284193992615, 0.7534626722335815, 0.7774724364280701, 0.7996780276298523, 0.8176645040512085, 0.83051598072052, 0.8435617685317993]
val_loss: [3.1225717067718506, 2.9367001056671143, 2.891935110092163, 2.7529549598693848, 3.039574146270752, 3.0157172679901123, 2.7958984375, 2.958357572555542, 3.050856351852417, 3.2343366146087646]
val_accuracy: [0.43860000371932983, 0.49720001220703125, 0.550599992275238, 0.5515999794006348, 0.5885999798774719, 0.5885999798774719, 0.6083999872207642, 0.6195999979972839, 0.6114000082015991, 0.6158000230789185]

===== Network 3/10 =====
loss: [1.5220357179641724, 1.0372259616851807, 0.8310024738311768, 0.7153248190879822, 0.645838737487793, 0.6012256741523743, 0.532245397567749, 0.48923012614250183, 0.45376622676849365, 0.4230024814605713]
accuracy: [0.4267936944961548, 0.6165106296539307, 0.6966472864151001, 0.7406738996505737, 0.7652565240859985, 0.7826171517372131, 0.807977557182312, 0.8243937492370605, 0.8327824473381042, 0.8477820158004761]
val_loss: [3.2838430404663086, 2.707153797149658, 2.824199914932251, 2.9363293647766113, 3.128035068511963, 2.7569315433502197, 2.8307676315307617, 3.1218392848968506, 2.7577707767486572, 3.177943468093872]
val_accuracy: [0.36640000343322754, 0.5343999862670898, 0.5608000159263611, 0.5533999800682068, 0.49160000681877136, 0.6079999804496765, 0.5979999899864197, 0.6083999872207642, 0.5946000218391418, 0.6161999702453613]

===== Network 4/10 =====
loss: [1.6877772808074951, 1.196953535079956, 0.9571068286895752, 0.8160246014595032, 0.7265958189964294, 0.6586052179336548, 0.5999416708946228, 0.5513641834259033, 0.5171499848365784, 0.47836339473724365]
accuracy: [0.3564675748348236, 0.5612000823020935, 0.6543766260147095, 0.7077077031135559, 0.7377655506134033, 0.7600378394126892, 0.783172070980072, 0.8014403581619263, 0.8140084743499756, 0.828217089176178]
val_loss: [2.720792531967163, 2.894780397415161, 2.8175899982452393, 2.7936277389526367, 2.755808115005493, 2.750338077545166, 2.831791877746582, 2.8407604694366455, 2.848985433578491, 3.065526008605957]
val_accuracy: [0.40799999237060547, 0.49300000071525574, 0.5527999997138977, 0.5740000009536743, 0.5758000016212463, 0.5848000049591064, 0.5997999906539917, 0.6029999852180481, 0.5888000130653381, 0.5878000259399414]

===== Network 5/10 =====
loss: [1.5568606853485107, 1.1614151000976562, 0.977252721786499, 0.8449967503547668, 0.7558470964431763, 0.685301661491394, 0.6316823363304138, 0.5840145349502563, 0.5436612963676453, 0.5097001194953918]
accuracy: [0.41406989097595215, 0.5764872431755066, 0.647919774055481, 0.69780033826828, 0.7311837077140808, 0.7560961842536926, 0.7773149013519287, 0.7940898537635803, 0.8070599436759949, 0.8175581693649292]
val_loss: [2.5763437747955322, 2.879051923751831, 2.801041603088379, 2.966597318649292, 3.014185667037964, 3.183380365371704, 3.09710693359375, 3.1985037326812744, 3.3324668407440186, 3.5086610317230225]
val_accuracy: [0.38839998841285706, 0.4864000082015991, 0.526199996471405, 0.5278000235557556, 0.5432000160217285, 0.5544000267982483, 0.5932000279426575, 0.5889999866485596, 0.5950000286102295, 0.6011999845504761]

===== Network 6/10 =====
loss: [1.5475459098815918, 1.0854161977767944, 0.8886750936508179, 0.7750627994537354, 0.6923009753227234, 0.631890594959259, 0.5756836533546448, 0.5322045683860779, 0.4966055452823639, 0.46381860971450806]
accuracy: [0.4176282584667206, 0.6044487953186035, 0.6810232400894165, 0.7221187353134155, 0.7536215782165527, 0.7745029926300049, 0.7924093008041382, 0.8092312216758728, 0.8214653134346008, 0.8313916325569153]
val_loss: [2.5618505477905273, 2.7106564044952393, 2.740415573120117, 2.584381341934204, 2.7500088214874268, 2.838402271270752, 2.882265329360962, 3.100630044937134, 2.711071014404297, 3.0914461612701416]
val_accuracy: [0.45179998874664307, 0.520799994468689, 0.5364000201225281, 0.5857999920845032, 0.5795999765396118, 0.5964000225067139, 0.5968000292778015, 0.5971999764442444, 0.6029999852180481, 0.6146000027656555]

===== Network 7/10 =====
loss: [1.6315336227416992, 1.1767228841781616, 0.9921131730079651, 0.8670918345451355, 0.7821205258369446, 0.7143958806991577, 0.6547985672950745, 0.6146917343139648, 0.5662689208984375, 0.5249783396720886]
accuracy: [0.3881235420703888, 0.562493085861206, 0.6382068395614624, 0.6857016086578369, 0.718670129776001, 0.7430840730667114, 0.7659704685211182, 0.7830241322517395, 0.7968837022781372, 0.8121320009231567]
val_loss: [2.7513415813446045, 2.7570486068725586, 2.6780619621276855, 2.6491217613220215, 2.7123332023620605, 2.655107259750366, 3.0573480129241943, 2.9968502521514893, 2.902010440826416, 3.0767459869384766]
val_accuracy: [0.3869999945163727, 0.44839999079704285, 0.5192000269889832, 0.5519999861717224, 0.553600013256073, 0.5663999915122986, 0.5297999978065491, 0.5767999887466431, 0.5867999792098999, 0.5720000267028809]

===== Network 8/10 =====
loss: [1.577095866203308, 1.1127837896347046, 0.924232006072998, 0.8063164949417114, 0.7223362326622009, 0.658305823802948, 0.6128230690956116, 0.565662682056427, 0.5279942750930786, 0.4937726855278015]
accuracy: [0.39718496799468994, 0.5852696895599365, 0.6614474654197693, 0.706088125705719, 0.7400127649307251, 0.7628050446510315, 0.7769079208374023, 0.7967852354049683, 0.8095000386238098, 0.8208544850349426]
val_loss: [2.9305593967437744, 2.6808395385742188, 2.8537204265594482, 2.6063551902770996, 2.7422595024108887, 2.910676956176758, 2.7030556201934814, 2.9746603965759277, 2.8851680755615234, 2.9809229373931885]
val_accuracy: [0.41200000047683716, 0.48339998722076416, 0.5315999984741211, 0.5266000032424927, 0.5684000253677368, 0.5766000151634216, 0.590399980545044, 0.5817999839782715, 0.5799999833106995, 0.5825999975204468]

===== Network 9/10 =====
loss: [1.6524806022644043, 1.1858386993408203, 0.958078920841217, 0.8245479464530945, 0.7321834564208984, 0.6636142730712891, 0.6081324815750122, 0.5598306655883789, 0.5152606964111328, 0.4834754467010498]
accuracy: [0.3698504865169525, 0.5638471841812134, 0.6599162220954895, 0.7066330313682556, 0.7435015439987183, 0.7660276889801025, 0.7863622307777405, 0.8020085096359253, 0.816073477268219, 0.827392041683197]
val_loss: [2.7404086589813232, 3.0486583709716797, 3.3956713676452637, 3.1439216136932373, 2.7561585903167725, 3.0445406436920166, 3.2468180656433105, 3.2443578243255615, 3.2229862213134766, 3.413740634918213]
val_accuracy: [0.39079999923706055, 0.49399998784065247, 0.5424000024795532, 0.5612000226974487, 0.5681999921798706, 0.5852000117301941, 0.5813999772071838, 0.5794000029563904, 0.5893999934196472, 0.5971999764442444]

===== Network 10/10 =====
loss: [1.6239919662475586, 1.2025123834609985, 0.9977121949195862, 0.8737127184867859, 0.7933757901191711, 0.7233838438987732, 0.671206533908844, 0.626110315322876, 0.5891493558883667, 0.5466036796569824]
accuracy: [0.3820686638355255, 0.559660017490387, 0.6380680203437805, 0.6855905055999756, 0.7153371572494507, 0.7392234206199646, 0.7600544095039368, 0.775524914264679, 0.7886345982551575, 0.804632842540741]
val_loss: [2.706292152404785, 3.0327343940734863, 2.8603034019470215, 2.573364734649658, 2.7508180141448975, 3.070913553237915, 2.9688186645507812, 3.225282907485962, 3.2512407302856445, 3.3534655570983887]
val_accuracy: [0.4007999897003174, 0.4668000042438507, 0.5126000046730042, 0.5231999754905701, 0.5496000051498413, 0.5379999876022339, 0.5429999828338623, 0.5651999711990356, 0.5726000070571899, 0.551800012588501]

Training time: 1643.31 seconds

Accuracy prob. median voting:	0.7739
Accuracy prob. majority voting:	0.7754
Accuracy class majority voting:	0.7702
