Model: "Model_0_of_15"
_________________________________________________________________
 Layer (type)                Output Shape              Param #   
=================================================================
 conv2d (Conv2D)             (None, 32, 32, 4)         112       
                                                                 
 conv2d_1 (Conv2D)           (None, 32, 32, 8)         296       
                                                                 
 conv2d_2 (Conv2D)           (None, 32, 32, 16)        1168      
                                                                 
 max_pooling2d (MaxPooling2D  (None, 16, 16, 16)       0         
 )                                                               
                                                                 
 conv2d_3 (Conv2D)           (None, 16, 16, 32)        4640      
                                                                 
 max_pooling2d_1 (MaxPooling  (None, 8, 8, 32)         0         
 2D)                                                             
                                                                 
 conv2d_4 (Conv2D)           (None, 8, 8, 64)          18496     
                                                                 
 max_pooling2d_2 (MaxPooling  (None, 4, 4, 64)         0         
 2D)                                                             
                                                                 
 flatten (Flatten)           (None, 1024)              0         
                                                                 
 dense (Dense)               (None, 10)                10250     
                                                                 
=================================================================
Total params: 34,962
Trainable params: 34,962
Non-trainable params: 0
_________________________________________________________________
===== Network 1/15 =====
loss: [1.6202514171600342, 1.1939496994018555, 1.0350265502929688, 0.9225276112556458, 0.8335120677947998, 0.769283652305603, 0.7109106183052063, 0.6711387038230896, 0.6304922699928284, 0.5989559888839722]
accuracy: [0.3832019567489624, 0.5552347898483276, 0.6189907789230347, 0.6638447642326355, 0.6986232995986938, 0.7231042385101318, 0.7428389191627502, 0.7585211396217346, 0.7736760377883911, 0.7846952080726624]
val_loss: [3.185992956161499, 2.6586053371429443, 2.8529419898986816, 2.8743810653686523, 2.765404462814331, 2.7551236152648926, 3.218168020248413, 3.119596242904663, 2.9054222106933594, 3.2284023761749268]
val_accuracy: [0.3625999987125397, 0.45559999346733093, 0.4943999946117401, 0.5278000235557556, 0.5235999822616577, 0.5407999753952026, 0.5504000186920166, 0.5541999936103821, 0.5565999746322632, 0.5659999847412109]

===== Network 2/15 =====
loss: [1.5414597988128662, 1.0354297161102295, 0.8328505158424377, 0.7232505679130554, 0.644135594367981, 0.5900210738182068, 0.545792281627655, 0.5040636658668518, 0.47593626379966736, 0.444472998380661]
accuracy: [0.4171552360057831, 0.6262469291687012, 0.7021034359931946, 0.7436438798904419, 0.7712912559509277, 0.7916029691696167, 0.8068298697471619, 0.8220845460891724, 0.8314762711524963, 0.8443413376808167]
val_loss: [2.8643674850463867, 2.794734239578247, 2.708685874938965, 2.6890742778778076, 2.658849000930786, 2.7266342639923096, 2.9216065406799316, 3.0015854835510254, 2.9347386360168457, 3.0006885528564453]
val_accuracy: [0.46140000224113464, 0.5454000234603882, 0.553600013256073, 0.5848000049591064, 0.6015999913215637, 0.6155999898910522, 0.6182000041007996, 0.6291999816894531, 0.6302000284194946, 0.626800000667572]

===== Network 3/15 =====
loss: [1.5529757738113403, 1.0882823467254639, 0.8737041354179382, 0.7566543817520142, 0.6844016313552856, 0.626243531703949, 0.5792092680931091, 0.5495820641517639, 0.5094930529594421, 0.48315584659576416]
accuracy: [0.41166841983795166, 0.597209095954895, 0.6827942132949829, 0.726099967956543, 0.7542861700057983, 0.7738445401191711, 0.7929312586784363, 0.8045552968978882, 0.8197858333587646, 0.8261110782623291]
val_loss: [2.794667959213257, 2.5985512733459473, 2.7010717391967773, 2.892310619354248, 2.510359764099121, 2.5606882572174072, 2.8964061737060547, 2.6827380657196045, 3.0750904083251953, 3.082246780395508]
val_accuracy: [0.4368000030517578, 0.5302000045776367, 0.5550000071525574, 0.5527999997138977, 0.5820000171661377, 0.5885999798774719, 0.5974000096321106, 0.5968000292778015, 0.5992000102996826, 0.5738000273704529]

===== Network 4/15 =====
loss: [1.6988770961761475, 1.2505098581314087, 1.0266231298446655, 0.8795261979103088, 0.7806947827339172, 0.7098489999771118, 0.6498241424560547, 0.6030882596969604, 0.5652586221694946, 0.53324955701828]
accuracy: [0.3553645610809326, 0.5429720282554626, 0.6288605332374573, 0.6837537884712219, 0.7200166583061218, 0.7484058737754822, 0.7659828066825867, 0.7831438779830933, 0.7965068221092224, 0.8096479177474976]
val_loss: [2.856904983520508, 2.7967379093170166, 3.0470311641693115, 3.056957244873047, 2.7494606971740723, 2.9656450748443604, 3.077162027359009, 3.0618059635162354, 3.153049945831299, 3.2935104370117188]
val_accuracy: [0.32899999618530273, 0.46459999680519104, 0.4611999988555908, 0.52920001745224, 0.5504000186920166, 0.5720000267028809, 0.5794000029563904, 0.5817999839782715, 0.5866000056266785, 0.5672000050544739]

===== Network 5/15 =====
loss: [1.5843061208724976, 1.1833246946334839, 0.9967818856239319, 0.8751159906387329, 0.7911000847816467, 0.7311869859695435, 0.6775420308113098, 0.6323642134666443, 0.6021741032600403, 0.5602698922157288]
accuracy: [0.4005385935306549, 0.5670618414878845, 0.638607382774353, 0.6841944456100464, 0.715761125087738, 0.7384158372879028, 0.7564340829849243, 0.7739526629447937, 0.7851411700248718, 0.8000221848487854]
val_loss: [3.0912106037139893, 2.8039932250976562, 2.9282333850860596, 2.919609546661377, 3.16117525100708, 3.0640110969543457, 3.174104690551758, 3.039806365966797, 3.4720711708068848, 3.1949658393859863]
val_accuracy: [0.3587999939918518, 0.4763999879360199, 0.5320000052452087, 0.5464000105857849, 0.5447999835014343, 0.574999988079071, 0.5781999826431274, 0.5946000218391418, 0.5767999887466431, 0.5867999792098999]

===== Network 6/15 =====
loss: [1.526301383972168, 1.0922436714172363, 0.9232065677642822, 0.8219779133796692, 0.7365295886993408, 0.680034339427948, 0.6302121877670288, 0.5948722958564758, 0.5619229674339294, 0.5346267223358154]
accuracy: [0.4266662895679474, 0.5982034206390381, 0.665576159954071, 0.7055561542510986, 0.7365531921386719, 0.7577076554298401, 0.7735388875007629, 0.7845181226730347, 0.797133207321167, 0.809831440448761]
val_loss: [3.765671491622925, 2.7721610069274902, 3.0605599880218506, 2.7663934230804443, 3.1279799938201904, 2.856323480606079, 3.0166497230529785, 3.3109347820281982, 3.3564276695251465, 3.4468836784362793]
val_accuracy: [0.3465999960899353, 0.49079999327659607, 0.5162000060081482, 0.5564000010490417, 0.5595999956130981, 0.5794000029563904, 0.5609999895095825, 0.5496000051498413, 0.5705999732017517, 0.5784000158309937]

===== Network 7/15 =====
loss: [1.6942236423492432, 1.2835921049118042, 1.0758676528930664, 0.9432110786437988, 0.8549975752830505, 0.7937802672386169, 0.7379679083824158, 0.6933539509773254, 0.6605843901634216, 0.62982177734375]
accuracy: [0.3626777231693268, 0.5250827670097351, 0.6049914956092834, 0.6585515141487122, 0.6953061819076538, 0.7110264301300049, 0.7380150556564331, 0.7520937323570251, 0.7641412019729614, 0.7738515734672546]
val_loss: [2.8631787300109863, 2.7006568908691406, 2.808462619781494, 2.8322606086730957, 2.96610426902771, 2.699312448501587, 2.732943058013916, 2.7671217918395996, 2.610765218734741, 2.7851316928863525]
val_accuracy: [0.37720000743865967, 0.4514000117778778, 0.48899999260902405, 0.5314000248908997, 0.5134000182151794, 0.5612000226974487, 0.5685999989509583, 0.5640000104904175, 0.5708000063896179, 0.5834000110626221]

===== Network 8/15 =====
loss: [1.5553120374679565, 1.1140570640563965, 0.9356748461723328, 0.8208858370780945, 0.7473975419998169, 0.6933332681655884, 0.6497637629508972, 0.6128084063529968, 0.5757175087928772, 0.5606979727745056]
accuracy: [0.4070734977722168, 0.5844382643699646, 0.6557836532592773, 0.7014147043228149, 0.7284327149391174, 0.7492926716804504, 0.7653536796569824, 0.7793897390365601, 0.7912343740463257, 0.7947295308113098]
val_loss: [2.8237338066101074, 2.992824077606201, 2.675071954727173, 2.862346649169922, 2.662848711013794, 3.065444231033325, 2.938249349594116, 3.3752214908599854, 3.0223135948181152, 3.1885323524475098]
val_accuracy: [0.40299999713897705, 0.4862000048160553, 0.5081999897956848, 0.5415999889373779, 0.5669999718666077, 0.5613999962806702, 0.5541999936103821, 0.5741999745368958, 0.5717999935150146, 0.5633999705314636]

===== Network 9/15 =====
loss: [1.700527310371399, 1.2931456565856934, 1.1044713258743286, 0.9647876620292664, 0.8554523587226868, 0.7826111316680908, 0.7117697596549988, 0.6715601682662964, 0.6281720995903015, 0.5954664945602417]
accuracy: [0.3457338809967041, 0.5143499970436096, 0.5933375954627991, 0.6502931118011475, 0.6931347846984863, 0.7195287942886353, 0.7474508881568909, 0.7629261016845703, 0.7783457636833191, 0.7872363924980164]
val_loss: [2.7260355949401855, 2.7076961994171143, 2.9045403003692627, 3.1509690284729004, 2.7043871879577637, 2.6823110580444336, 3.036888599395752, 3.0955004692077637, 2.9815890789031982, 2.9627959728240967]
val_accuracy: [0.3425999879837036, 0.4575999975204468, 0.4636000096797943, 0.5281999707221985, 0.557200014591217, 0.5705999732017517, 0.5806000232696533, 0.5577999949455261, 0.5892000198364258, 0.5916000008583069]

===== Network 10/15 =====
loss: [1.6098514795303345, 1.1816315650939941, 1.0010794401168823, 0.8792063593864441, 0.804556667804718, 0.7398709058761597, 0.6951172947883606, 0.6599857211112976, 0.6265407800674438, 0.5984041690826416]
accuracy: [0.38907575607299805, 0.5680333375930786, 0.6383877396583557, 0.6852814555168152, 0.7106323838233948, 0.7347880601882935, 0.7520778179168701, 0.7644475102424622, 0.7766226530075073, 0.7852675318717957]
val_loss: [2.8558712005615234, 2.6101491451263428, 2.4460973739624023, 2.7559027671813965, 2.434657335281372, 2.641134738922119, 2.943354845046997, 2.8664474487304688, 3.014876127243042, 3.1109163761138916]
val_accuracy: [0.41200000047683716, 0.47620001435279846, 0.5126000046730042, 0.5432000160217285, 0.5577999949455261, 0.5680000185966492, 0.5641999840736389, 0.5735999941825867, 0.5651999711990356, 0.5550000071525574]

===== Network 11/15 =====
loss: [1.5569535493850708, 1.1228934526443481, 0.9402633309364319, 0.8231889605522156, 0.7483704686164856, 0.6918550133705139, 0.6371035575866699, 0.6007183194160461, 0.5690011382102966, 0.5420736074447632]
accuracy: [0.4145669937133789, 0.5937760472297668, 0.6653595566749573, 0.7124422788619995, 0.7366927862167358, 0.7548528909683228, 0.7762945890426636, 0.7875854969024658, 0.8011291027069092, 0.8103064894676208]
val_loss: [2.784759759902954, 3.031632423400879, 2.9161429405212402, 2.7273731231689453, 2.859238386154175, 2.7509078979492188, 2.9633026123046875, 2.749600410461426, 3.122530937194824, 2.9646809101104736]
val_accuracy: [0.4036000072956085, 0.5105999708175659, 0.5511999726295471, 0.5753999948501587, 0.5681999921798706, 0.5878000259399414, 0.6064000129699707, 0.6003999710083008, 0.5806000232696533, 0.6028000116348267]

===== Network 12/15 =====
loss: [1.5543400049209595, 1.1183134317398071, 0.929608941078186, 0.81902676820755, 0.739635705947876, 0.680576503276825, 0.6322647929191589, 0.5971772074699402, 0.5577664971351624, 0.5357792377471924]
accuracy: [0.4147919714450836, 0.5876243114471436, 0.6602510809898376, 0.7043548226356506, 0.7337943911552429, 0.7550686001777649, 0.7714269757270813, 0.7830639481544495, 0.7974226474761963, 0.8050880432128906]
val_loss: [2.910753011703491, 2.6200625896453857, 3.1793901920318604, 2.7738265991210938, 2.7887778282165527, 2.7637393474578857, 3.1391942501068115, 2.7926700115203857, 2.8700616359710693, 2.8696839809417725]
val_accuracy: [0.42419999837875366, 0.49559998512268066, 0.49799999594688416, 0.5482000112533569, 0.5641999840736389, 0.5752000212669373, 0.5669999718666077, 0.574999988079071, 0.5935999751091003, 0.5781999826431274]

===== Network 13/15 =====
loss: [1.7108112573623657, 1.2274445295333862, 0.9953961372375488, 0.8709601759910583, 0.7846279144287109, 0.7229619026184082, 0.670652449131012, 0.6271396279335022, 0.5963097214698792, 0.5677465200424194]
accuracy: [0.34293660521507263, 0.5593993067741394, 0.6481924653053284, 0.6929644346237183, 0.7265850901603699, 0.7479143738746643, 0.7660456299781799, 0.7828420400619507, 0.7912402749061584, 0.802391529083252]
val_loss: [2.9348959922790527, 2.862760543823242, 2.950246572494507, 2.781736135482788, 2.796663761138916, 2.737891435623169, 2.929927349090576, 3.1357665061950684, 3.098830223083496, 3.326409339904785]
val_accuracy: [0.3984000086784363, 0.49320000410079956, 0.5072000026702881, 0.5540000200271606, 0.5735999941825867, 0.5666000247001648, 0.5934000015258789, 0.597599983215332, 0.600600004196167, 0.6025999784469604]

===== Network 14/15 =====
loss: [1.5593993663787842, 1.0222095251083374, 0.8183875679969788, 0.7123396992683411, 0.6306307911872864, 0.5771371722221375, 0.5362957715988159, 0.5019880533218384, 0.46740707755088806, 0.4395594000816345]
accuracy: [0.4100581407546997, 0.6312758922576904, 0.7112458348274231, 0.7431225776672363, 0.7762510180473328, 0.7968624234199524, 0.811632513999939, 0.8217852115631104, 0.834886372089386, 0.8447609543800354]
val_loss: [2.6871395111083984, 2.674395799636841, 2.6635468006134033, 2.6912457942962646, 2.541015625, 2.6303963661193848, 2.5676004886627197, 2.6452462673187256, 2.673166513442993, 2.7970311641693115]
val_accuracy: [0.4607999920845032, 0.5532000064849854, 0.5720000267028809, 0.6011999845504761, 0.6110000014305115, 0.6195999979972839, 0.6222000122070312, 0.6273999810218811, 0.6358000040054321, 0.6344000101089478]

===== Network 15/15 =====
loss: [1.596696138381958, 1.2005481719970703, 1.0248361825942993, 0.8863357901573181, 0.7851868271827698, 0.7113608121871948, 0.6585035920143127, 0.6078891158103943, 0.57328861951828, 0.5415116548538208]
accuracy: [0.394790917634964, 0.5568389892578125, 0.6252290606498718, 0.6823457479476929, 0.7214694023132324, 0.7474038004875183, 0.7676458954811096, 0.7843616604804993, 0.7962736487388611, 0.8112123012542725]
val_loss: [2.8137168884277344, 3.3128721714019775, 3.0371861457824707, 3.0223679542541504, 2.9278743267059326, 3.0358924865722656, 2.999346971511841, 2.8621766567230225, 2.829930543899536, 2.8778493404388428]
val_accuracy: [0.4092000126838684, 0.4422000050544739, 0.5117999911308289, 0.5325999855995178, 0.5741999745368958, 0.5777999758720398, 0.5952000021934509, 0.5938000082969666, 0.5835999846458435, 0.6057999730110168]

Training time: 1997.40 seconds

Accuracy prob. median voting:	0.7813
Accuracy prob. majority voting:	0.7859
Accuracy class majority voting:	0.7781
