Model: "Model_0_of_10"
_________________________________________________________________
 Layer (type)                Output Shape              Param #   
=================================================================
 conv2d (Conv2D)             (None, 32, 32, 4)         112       
                                                                 
 conv2d_1 (Conv2D)           (None, 32, 32, 8)         296       
                                                                 
 conv2d_2 (Conv2D)           (None, 32, 32, 16)        1168      
                                                                 
 max_pooling2d (MaxPooling2D  (None, 16, 16, 16)       0         
 )                                                               
                                                                 
 conv2d_3 (Conv2D)           (None, 16, 16, 32)        4640      
                                                                 
 max_pooling2d_1 (MaxPooling  (None, 8, 8, 32)         0         
 2D)                                                             
                                                                 
 conv2d_4 (Conv2D)           (None, 8, 8, 64)          18496     
                                                                 
 max_pooling2d_2 (MaxPooling  (None, 4, 4, 64)         0         
 2D)                                                             
                                                                 
 flatten (Flatten)           (None, 1024)              0         
                                                                 
 dense (Dense)               (None, 10)                10250     
                                                                 
=================================================================
Total params: 34,962
Trainable params: 34,962
Non-trainable params: 0
_________________________________________________________________
===== Network 1/10 =====
loss: [1.5737247467041016, 1.1356247663497925, 0.9609434604644775, 0.8496819138526917, 0.7750323414802551, 0.711953341960907, 0.6700330376625061, 0.6306323409080505, 0.5941344499588013, 0.5677134394645691]
accuracy: [0.40171676874160767, 0.5841713547706604, 0.6502305865287781, 0.6916773319244385, 0.7184287905693054, 0.7439857721328735, 0.7589588165283203, 0.7709039449691772, 0.7887938022613525, 0.7938218712806702]
val_loss: [2.8699212074279785, 2.8440258502960205, 2.9038188457489014, 2.791952133178711, 2.7103054523468018, 2.8176584243774414, 2.8202786445617676, 2.9888112545013428, 2.8426613807678223, 2.9710395336151123]
val_accuracy: [0.4334000051021576, 0.5016000270843506, 0.5239999890327454, 0.5509999990463257, 0.5537999868392944, 0.5722000002861023, 0.5753999948501587, 0.5580000281333923, 0.579800009727478, 0.5925999879837036]

===== Network 2/10 =====
loss: [1.5466471910476685, 1.0609205961227417, 0.8628904223442078, 0.7491066455841064, 0.6656962037086487, 0.605202853679657, 0.558219313621521, 0.5190675854682922, 0.4876003563404083, 0.4544508159160614]
accuracy: [0.4157356321811676, 0.6143627166748047, 0.6927074790000916, 0.7345339059829712, 0.7652159333229065, 0.7872825264930725, 0.8048746585845947, 0.8161580562591553, 0.8276082277297974, 0.838613748550415]
val_loss: [2.6990766525268555, 2.6928672790527344, 2.7053587436676025, 2.7053306102752686, 2.6726489067077637, 2.900773286819458, 2.8886988162994385, 3.1763317584991455, 3.08008074760437, 3.115996837615967]
val_accuracy: [0.45100000500679016, 0.5329999923706055, 0.5559999942779541, 0.5838000178337097, 0.6018000245094299, 0.6129999756813049, 0.6164000034332275, 0.6100000143051147, 0.6255999803543091, 0.6237999796867371]

===== Network 3/10 =====
loss: [1.6187233924865723, 1.1259222030639648, 0.9166638255119324, 0.7912406325340271, 0.7134153246879578, 0.653786301612854, 0.6018416881561279, 0.5618262887001038, 0.527890145778656, 0.4987158477306366]
accuracy: [0.3877454400062561, 0.5819658637046814, 0.6666017770767212, 0.713439404964447, 0.7421705722808838, 0.7645046710968018, 0.7842799425125122, 0.7990766167640686, 0.8077543377876282, 0.8212438225746155]
val_loss: [2.7860817909240723, 2.3090240955352783, 2.5145463943481445, 2.6306941509246826, 2.359708547592163, 2.442962408065796, 2.7194526195526123, 2.5790138244628906, 2.9216666221618652, 2.804509162902832]
val_accuracy: [0.4311999976634979, 0.5034000277519226, 0.5616000294685364, 0.5726000070571899, 0.5795999765396118, 0.5964000225067139, 0.5979999899864197, 0.6064000129699707, 0.5965999960899353, 0.6159999966621399]

===== Network 4/10 =====
loss: [1.6702758073806763, 1.1047518253326416, 0.9193238615989685, 0.806538999080658, 0.7287223935127258, 0.663374662399292, 0.6176421642303467, 0.5811523795127869, 0.5465690493583679, 0.5182452201843262]
accuracy: [0.36004891991615295, 0.5916240811347961, 0.6640173196792603, 0.7065362334251404, 0.7352156639099121, 0.7608659267425537, 0.7773732542991638, 0.7907681465148926, 0.8021342754364014, 0.8135004639625549]
val_loss: [2.7600948810577393, 2.9033920764923096, 2.730602264404297, 2.890986442565918, 2.659416437149048, 2.7815630435943604, 2.7301535606384277, 2.8381974697113037, 2.85884165763855, 2.9250881671905518]
val_accuracy: [0.4343999922275543, 0.4970000088214874, 0.5490000247955322, 0.5546000003814697, 0.5616000294685364, 0.5956000089645386, 0.5848000049591064, 0.6014000177383423, 0.5996000170707703, 0.5929999947547913]

===== Network 5/10 =====
loss: [1.6768852472305298, 1.2234340906143188, 1.0193216800689697, 0.8986194133758545, 0.8049677014350891, 0.7440904378890991, 0.6888237595558167, 0.6409762501716614, 0.6046079993247986, 0.5721632838249207]
accuracy: [0.35466763377189636, 0.5520631074905396, 0.6319764256477356, 0.679624617099762, 0.7154717445373535, 0.7372410893440247, 0.7558727264404297, 0.7726995348930359, 0.787388265132904, 0.7982173562049866]
val_loss: [2.9218485355377197, 2.944286823272705, 2.896435022354126, 2.966963291168213, 2.882880926132202, 3.007310628890991, 3.098191022872925, 3.468552827835083, 3.1581838130950928, 2.956556797027588]
val_accuracy: [0.39559999108314514, 0.4586000144481659, 0.5163999795913696, 0.5533999800682068, 0.5465999841690063, 0.5649999976158142, 0.567799985408783, 0.5685999989509583, 0.5807999968528748, 0.578000009059906]

===== Network 6/10 =====
loss: [1.659008502960205, 1.1842554807662964, 0.9385967254638672, 0.8149649500846863, 0.7274330854415894, 0.6710933446884155, 0.6235511898994446, 0.5843773484230042, 0.5466133952140808, 0.5220600366592407]
accuracy: [0.3773763179779053, 0.5670928359031677, 0.6608671545982361, 0.7083657383918762, 0.7393829822540283, 0.7586714625358582, 0.777876615524292, 0.7896887063980103, 0.8013340830802917, 0.811061680316925]
val_loss: [3.14323091506958, 3.000870943069458, 2.6741700172424316, 2.6145641803741455, 2.8484809398651123, 2.626371145248413, 2.7502057552337646, 2.736487627029419, 3.0150022506713867, 3.1283271312713623]
val_accuracy: [0.3952000141143799, 0.5080000162124634, 0.5320000052452087, 0.5821999907493591, 0.5771999955177307, 0.602400004863739, 0.5917999744415283, 0.6033999919891357, 0.5758000016212463, 0.6019999980926514]

===== Network 7/10 =====
loss: [1.6870259046554565, 1.2290568351745605, 1.0384770631790161, 0.9218530654907227, 0.83919757604599, 0.7807758450508118, 0.732274055480957, 0.69036865234375, 0.6611738204956055, 0.6290841102600098]
accuracy: [0.36358585953712463, 0.5444067716598511, 0.6228615641593933, 0.6664630174636841, 0.6972616910934448, 0.7182015180587769, 0.7377527356147766, 0.7520551085472107, 0.7635525465011597, 0.7760775089263916]
val_loss: [2.7584166526794434, 2.7022337913513184, 2.7841477394104004, 3.0414788722991943, 2.930995225906372, 2.7968032360076904, 2.892716407775879, 2.810209035873413, 2.84114408493042, 3.1092276573181152]
val_accuracy: [0.38839998841285706, 0.460999995470047, 0.5235999822616577, 0.5414000153541565, 0.5414000153541565, 0.5519999861717224, 0.5669999718666077, 0.5468000173568726, 0.5626000165939331, 0.5533999800682068]

===== Network 8/10 =====
loss: [1.564833164215088, 1.1669243574142456, 1.0040308237075806, 0.8884212374687195, 0.8069912195205688, 0.7411161065101624, 0.6858393549919128, 0.6529052257537842, 0.6147520542144775, 0.5874491930007935]
accuracy: [0.3971749544143677, 0.5603103041648865, 0.6314647793769836, 0.6764542460441589, 0.7052052021026611, 0.7336224913597107, 0.7532810568809509, 0.7624291181564331, 0.7773606777191162, 0.7851740717887878]
val_loss: [2.7182459831237793, 2.6553988456726074, 2.46036434173584, 2.6333422660827637, 2.6974031925201416, 2.9923110008239746, 2.5756874084472656, 2.775071382522583, 2.829789161682129, 2.8021631240844727]
val_accuracy: [0.4203999936580658, 0.46219998598098755, 0.49720001220703125, 0.5393999814987183, 0.5619999766349792, 0.5532000064849854, 0.5594000220298767, 0.5893999934196472, 0.5964000225067139, 0.5935999751091003]

===== Network 9/10 =====
loss: [1.6754236221313477, 1.251175880432129, 1.030996561050415, 0.891014814376831, 0.799490213394165, 0.7292298078536987, 0.6729241013526917, 0.6250819563865662, 0.5947730541229248, 0.5573861002922058]
accuracy: [0.3603578507900238, 0.5447321534156799, 0.6302233934402466, 0.6837074756622314, 0.7148255109786987, 0.7431373596191406, 0.7637252807617188, 0.7777283787727356, 0.7898699641227722, 0.8029006719589233]
val_loss: [2.806586742401123, 2.831674337387085, 2.7599985599517822, 2.9904398918151855, 3.16764235496521, 2.8920931816101074, 2.978511095046997, 3.0704236030578613, 3.019364356994629, 3.1234261989593506]
val_accuracy: [0.37299999594688416, 0.462799996137619, 0.5184000134468079, 0.5562000274658203, 0.5541999936103821, 0.5759999752044678, 0.5907999873161316, 0.5776000022888184, 0.5971999764442444, 0.6021999716758728]

===== Network 10/10 =====
loss: [1.5945204496383667, 1.163081407546997, 0.990668535232544, 0.8842039108276367, 0.8067030310630798, 0.7526991963386536, 0.7030165195465088, 0.6656281352043152, 0.6343503594398499, 0.6070797443389893]
accuracy: [0.3981051743030548, 0.5736115574836731, 0.6404023170471191, 0.6797988414764404, 0.70899897813797, 0.7312811017036438, 0.7470341324806213, 0.7627594470977783, 0.7722057104110718, 0.7825688123703003]
val_loss: [2.8905534744262695, 2.7963171005249023, 2.9637153148651123, 2.867678642272949, 2.741990804672241, 2.763014793395996, 3.166393518447876, 3.020221710205078, 2.8768882751464844, 3.1317861080169678]
val_accuracy: [0.42500001192092896, 0.4867999851703644, 0.515999972820282, 0.5460000038146973, 0.5577999949455261, 0.5655999779701233, 0.574400007724762, 0.5807999968528748, 0.5640000104904175, 0.5730000138282776]

Training time: 1315.36 seconds

Accuracy prob. median voting:	0.7653
Accuracy prob. majority voting:	0.769
Accuracy class majority voting:	0.7658
