Model: "Model_0_of_20"
_________________________________________________________________
 Layer (type)                Output Shape              Param #   
=================================================================
 conv2d (Conv2D)             (None, 32, 32, 5)         140       
                                                                 
 conv2d_1 (Conv2D)           (None, 32, 32, 10)        460       
                                                                 
 conv2d_2 (Conv2D)           (None, 32, 32, 20)        1820      
                                                                 
 max_pooling2d (MaxPooling2D  (None, 16, 16, 20)       0         
 )                                                               
                                                                 
 conv2d_3 (Conv2D)           (None, 16, 16, 40)        7240      
                                                                 
 max_pooling2d_1 (MaxPooling  (None, 8, 8, 40)         0         
 2D)                                                             
                                                                 
 conv2d_4 (Conv2D)           (None, 8, 8, 80)          28880     
                                                                 
 max_pooling2d_2 (MaxPooling  (None, 4, 4, 80)         0         
 2D)                                                             
                                                                 
 flatten (Flatten)           (None, 1280)              0         
                                                                 
 dense (Dense)               (None, 10)                12810     
                                                                 
=================================================================
Total params: 51,350
Trainable params: 51,350
Non-trainable params: 0
_________________________________________________________________
===== Network 1/20 =====
loss: [1.6129924058914185, 1.1437894105911255, 0.9592969417572021, 0.8375290036201477, 0.7505537867546082, 0.6898951530456543, 0.6366954445838928, 0.5977470874786377, 0.5497219562530518, 0.5145037174224854]
accuracy: [0.3890770673751831, 0.5750499963760376, 0.65157151222229, 0.6965515613555908, 0.7301754951477051, 0.7513327598571777, 0.772906482219696, 0.7847345471382141, 0.8038649559020996, 0.8153320550918579]
val_loss: [2.8297111988067627, 3.007486343383789, 2.8626112937927246, 2.753063917160034, 2.8695085048675537, 2.9049034118652344, 2.556922674179077, 2.954012155532837, 3.140286445617676, 2.85595703125]
val_accuracy: [0.41659998893737793, 0.4885999858379364, 0.5370000004768372, 0.545799970626831, 0.5609999895095825, 0.5767999887466431, 0.5885999798774719, 0.5898000001907349, 0.5842000246047974, 0.5860000252723694]

===== Network 2/20 =====
loss: [1.5208860635757446, 1.0108530521392822, 0.8050239682197571, 0.6901397109031677, 0.6112816333770752, 0.5424865484237671, 0.499359130859375, 0.45605218410491943, 0.41918379068374634, 0.38911759853363037]
accuracy: [0.4305270314216614, 0.6339201331138611, 0.7124451398849487, 0.7579552531242371, 0.7833898067474365, 0.8070472478866577, 0.8217637538909912, 0.8378130793571472, 0.8515299558639526, 0.8613317012786865]
val_loss: [2.6869020462036133, 3.014474391937256, 2.498204231262207, 2.7898752689361572, 2.7234103679656982, 3.141735792160034, 3.030057907104492, 3.5031144618988037, 3.322054624557495, 3.141887664794922]
val_accuracy: [0.4580000042915344, 0.5099999904632568, 0.5735999941825867, 0.6050000190734863, 0.5852000117301941, 0.6097999811172485, 0.6266000270843506, 0.6263999938964844, 0.6254000067710876, 0.628000020980835]

===== Network 3/20 =====
loss: [1.5595685243606567, 1.0424609184265137, 0.8534551858901978, 0.7426387667655945, 0.6654079556465149, 0.6001485586166382, 0.547585666179657, 0.5114553570747375, 0.4693054258823395, 0.43270444869995117]
accuracy: [0.4139357805252075, 0.6208897829055786, 0.6918184757232666, 0.7340313196182251, 0.7592757344245911, 0.7826038599014282, 0.800072193145752, 0.815568745136261, 0.8292046189308167, 0.8422850370407104]
val_loss: [3.273493766784668, 2.562290668487549, 2.679220199584961, 2.851548194885254, 2.5574967861175537, 2.684779405593872, 2.861703634262085, 2.630387783050537, 3.0088250637054443, 2.9548211097717285]
val_accuracy: [0.4352000057697296, 0.5198000073432922, 0.5601999759674072, 0.5523999929428101, 0.5807999968528748, 0.579200029373169, 0.6032000184059143, 0.5953999757766724, 0.6025999784469604, 0.5961999893188477]

===== Network 4/20 =====
loss: [1.53972589969635, 1.1342700719833374, 0.9471935629844666, 0.8138424754142761, 0.7217493057250977, 0.6488664746284485, 0.588553786277771, 0.5450889468193054, 0.5041820406913757, 0.4673715829849243]
accuracy: [0.4130694270133972, 0.5785747766494751, 0.6537489891052246, 0.703161895275116, 0.7403880953788757, 0.7678705453872681, 0.7926602363586426, 0.802764892578125, 0.8173666596412659, 0.8318296670913696]
val_loss: [3.112231731414795, 2.780439853668213, 3.010455369949341, 3.10846209526062, 3.0159096717834473, 2.9675049781799316, 2.9996492862701416, 2.918973684310913, 3.244800329208374, 3.425602674484253]
val_accuracy: [0.4036000072956085, 0.4912000000476837, 0.5389999747276306, 0.5565999746322632, 0.5794000029563904, 0.5752000212669373, 0.5910000205039978, 0.6028000116348267, 0.5899999737739563, 0.6015999913215637]

===== Network 5/20 =====
loss: [1.6324197053909302, 1.1504743099212646, 0.9361246824264526, 0.8104519248008728, 0.7199335098266602, 0.6572261452674866, 0.6014605760574341, 0.5543796420097351, 0.519116997718811, 0.47864648699760437]
accuracy: [0.37784138321876526, 0.5811982154846191, 0.6637859344482422, 0.7086644768714905, 0.7442616820335388, 0.7644639611244202, 0.7861946225166321, 0.8038126230239868, 0.8160951733589172, 0.831351101398468]
val_loss: [2.732043743133545, 2.704298257827759, 2.832289695739746, 2.6652400493621826, 3.110668182373047, 2.8100688457489014, 2.9588193893432617, 3.0222976207733154, 3.24238920211792, 3.411527395248413]
val_accuracy: [0.41100001335144043, 0.4986000061035156, 0.5464000105857849, 0.5604000091552734, 0.5871999859809875, 0.5896000266075134, 0.5943999886512756, 0.59579998254776, 0.5971999764442444, 0.6051999926567078]

===== Network 6/20 =====
loss: [1.5447744131088257, 1.1344422101974487, 0.9447365403175354, 0.8143126368522644, 0.7246522307395935, 0.6638079881668091, 0.6038267016410828, 0.5640112161636353, 0.5223127603530884, 0.4819165766239166]
accuracy: [0.42126452922821045, 0.5848443508148193, 0.6584566831588745, 0.7077999711036682, 0.7380945682525635, 0.7629745006561279, 0.7829672694206238, 0.7975730895996094, 0.8134562373161316, 0.8255074620246887]
val_loss: [2.9720983505249023, 2.9171645641326904, 2.7893946170806885, 2.841445207595825, 2.6555635929107666, 2.7909631729125977, 2.7873218059539795, 2.8948376178741455, 3.1553361415863037, 3.020033597946167]
val_accuracy: [0.43459999561309814, 0.4984000027179718, 0.5393999814987183, 0.5748000144958496, 0.5523999929428101, 0.5698000192642212, 0.5827999711036682, 0.5843999981880188, 0.5947999954223633, 0.5892000198364258]

===== Network 7/20 =====
loss: [1.6241062879562378, 1.198652744293213, 1.004300832748413, 0.8839056491851807, 0.7883918881416321, 0.7254627346992493, 0.6724889874458313, 0.6195647716522217, 0.5843794941902161, 0.5489135980606079]
accuracy: [0.38696956634521484, 0.5596811771392822, 0.6378582715988159, 0.680348813533783, 0.7181181907653809, 0.738419234752655, 0.7585259079933167, 0.778438150882721, 0.7923794984817505, 0.8029326796531677]
val_loss: [2.9549577236175537, 2.671236753463745, 2.788355588912964, 2.595137357711792, 2.933199882507324, 2.8238179683685303, 2.7917568683624268, 3.1162798404693604, 3.030750274658203, 3.0532989501953125]
val_accuracy: [0.3864000141620636, 0.49059998989105225, 0.5185999870300293, 0.5425999760627747, 0.5278000235557556, 0.5573999881744385, 0.5788000226020813, 0.5654000043869019, 0.5758000016212463, 0.5705999732017517]

===== Network 8/20 =====
loss: [1.6218440532684326, 1.167788028717041, 0.9597387909889221, 0.8263921141624451, 0.7339460253715515, 0.6675479412078857, 0.6133766174316406, 0.5721936225891113, 0.5401706099510193, 0.5032659769058228]
accuracy: [0.3816938102245331, 0.5628648996353149, 0.6491408348083496, 0.6988266706466675, 0.7323305606842041, 0.7592726349830627, 0.7783740162849426, 0.7946949601173401, 0.8033698201179504, 0.818606436252594]
val_loss: [3.077929973602295, 2.68345046043396, 2.8840157985687256, 2.4983596801757812, 2.9545066356658936, 2.5492827892303467, 2.8417768478393555, 2.9529895782470703, 2.9836208820343018, 3.0377001762390137]
val_accuracy: [0.3752000033855438, 0.46560001373291016, 0.5375999808311462, 0.5604000091552734, 0.5680000185966492, 0.574400007724762, 0.5820000171661377, 0.5875999927520752, 0.5982000231742859, 0.5809999704360962]

===== Network 9/20 =====
loss: [1.546946406364441, 1.1458466053009033, 0.9451478719711304, 0.8090938925743103, 0.7222771644592285, 0.6555867791175842, 0.6050658822059631, 0.5598539710044861, 0.5231684446334839, 0.4894728362560272]
accuracy: [0.4114033281803131, 0.5794785022735596, 0.6616535186767578, 0.713165819644928, 0.7472756505012512, 0.7682363986968994, 0.7878627777099609, 0.8022350668907166, 0.8142443895339966, 0.8253641724586487]
val_loss: [2.847913980484009, 2.9992010593414307, 2.748267889022827, 2.556318521499634, 2.862607002258301, 3.1250622272491455, 2.8448197841644287, 3.188525676727295, 3.216078996658325, 2.9926018714904785]
val_accuracy: [0.4027999937534332, 0.48820000886917114, 0.5396000146865845, 0.5598000288009644, 0.5812000036239624, 0.573199987411499, 0.5687999725341797, 0.578000009059906, 0.5806000232696533, 0.6047999858856201]

===== Network 10/20 =====
loss: [1.6111088991165161, 1.1776951551437378, 1.0047181844711304, 0.8893798589706421, 0.8122038841247559, 0.739470362663269, 0.6877869367599487, 0.6429500579833984, 0.6357858777046204, 0.616593599319458]
accuracy: [0.39194628596305847, 0.5705880522727966, 0.6358060836791992, 0.6818194389343262, 0.7083229422569275, 0.735686719417572, 0.7562512159347534, 0.7695446014404297, 0.7708489298820496, 0.7789248824119568]
val_loss: [2.921283006668091, 2.8463544845581055, 2.688354730606079, 3.2568087577819824, 2.6695117950439453, 3.2913358211517334, 3.195323944091797, 3.0982725620269775, 3.4575860500335693, 3.389378070831299]
val_accuracy: [0.3871999979019165, 0.4596000015735626, 0.5103999972343445, 0.48919999599456787, 0.5443999767303467, 0.5126000046730042, 0.5648000240325928, 0.4763999879360199, 0.46560001373291016, 0.5156000256538391]

===== Network 11/20 =====
loss: [1.5660500526428223, 1.1246174573898315, 0.9386525750160217, 0.8221397995948792, 0.735412061214447, 0.6667810082435608, 0.6140716671943665, 0.5689741373062134, 0.5249567031860352, 0.48586389422416687]
accuracy: [0.4137251675128937, 0.5962093472480774, 0.6661394238471985, 0.7103174328804016, 0.7422577142715454, 0.7637640237808228, 0.7834388017654419, 0.800061047077179, 0.8146020770072937, 0.8271173238754272]
val_loss: [3.043442964553833, 3.066232442855835, 2.904428005218506, 2.8006432056427, 2.7346293926239014, 2.8398208618164062, 2.909505844116211, 3.7280683517456055, 3.2533228397369385, 3.488091468811035]
val_accuracy: [0.42179998755455017, 0.4973999857902527, 0.5347999930381775, 0.5604000091552734, 0.5619999766349792, 0.567799985408783, 0.5843999981880188, 0.5134000182151794, 0.598800003528595, 0.5935999751091003]

===== Network 12/20 =====
loss: [1.5179665088653564, 1.0784295797348022, 0.8952654004096985, 0.7748055458068848, 0.6947048306465149, 0.6261793375015259, 0.5681737065315247, 0.5194039940834045, 0.4830070436000824, 0.4431487023830414]
accuracy: [0.42831358313560486, 0.603121280670166, 0.6766821146011353, 0.7202799320220947, 0.749437689781189, 0.7742912173271179, 0.7950626015663147, 0.811613142490387, 0.8258587718009949, 0.8412429690361023]
val_loss: [2.809816598892212, 2.515467882156372, 2.5782394409179688, 2.8590641021728516, 2.9989960193634033, 2.7974979877471924, 3.0027859210968018, 2.93441104888916, 3.1048402786254883, 3.183558702468872]
val_accuracy: [0.44179999828338623, 0.5040000081062317, 0.5532000064849854, 0.5437999963760376, 0.5699999928474426, 0.5771999955177307, 0.5910000205039978, 0.6050000190734863, 0.6028000116348267, 0.6039999723434448]

===== Network 13/20 =====
loss: [1.6381396055221558, 1.1670031547546387, 0.9476901888847351, 0.813399076461792, 0.7245640158653259, 0.6554185748100281, 0.6047270894050598, 0.5589184165000916, 0.5232895612716675, 0.4896121025085449]
accuracy: [0.3848590850830078, 0.5814018249511719, 0.666388750076294, 0.7152742743492126, 0.7452337145805359, 0.7703018188476562, 0.7875604629516602, 0.8060975074768066, 0.8179367184638977, 0.8273581266403198]
val_loss: [2.5458638668060303, 3.1423606872558594, 2.9376280307769775, 2.6458544731140137, 2.8366870880126953, 3.0902740955352783, 3.038043260574341, 3.1443939208984375, 3.3113605976104736, 3.5269691944122314]
val_accuracy: [0.39399999380111694, 0.4659999907016754, 0.5379999876022339, 0.5547999739646912, 0.5807999968528748, 0.5835999846458435, 0.600600004196167, 0.6014000177383423, 0.5947999954223633, 0.6096000075340271]

===== Network 14/20 =====
loss: [1.5206098556518555, 1.0488386154174805, 0.8307592868804932, 0.7062112092971802, 0.6253080368041992, 0.5630896687507629, 0.5086765289306641, 0.46063944697380066, 0.42992833256721497, 0.39281943440437317]
accuracy: [0.42697596549987793, 0.6203639507293701, 0.7064869999885559, 0.7498263716697693, 0.7786081433296204, 0.8015002012252808, 0.8205028772354126, 0.8376996517181396, 0.8489512205123901, 0.8607584238052368]
val_loss: [2.933297634124756, 2.6604764461517334, 2.9296352863311768, 2.8929755687713623, 2.9198057651519775, 2.727203607559204, 2.829869508743286, 3.13350772857666, 2.9866573810577393, 2.9882407188415527]
val_accuracy: [0.4327999949455261, 0.5325999855995178, 0.5493999719619751, 0.5893999934196472, 0.603600025177002, 0.5997999906539917, 0.5960000157356262, 0.6047999858856201, 0.6223999857902527, 0.6173999905586243]

===== Network 15/20 =====
loss: [1.552276372909546, 1.1432222127914429, 0.9283757209777832, 0.7814714312553406, 0.6847280859947205, 0.6116806268692017, 0.555056095123291, 0.5084530711174011, 0.4742436408996582, 0.437966525554657]
accuracy: [0.41090747714042664, 0.5816947817802429, 0.6669076681137085, 0.720582902431488, 0.7554579377174377, 0.783547043800354, 0.8044330477714539, 0.8198959827423096, 0.8317434787750244, 0.8458992838859558]
val_loss: [2.7094173431396484, 2.7120635509490967, 2.974421262741089, 2.661212205886841, 3.369154691696167, 2.6637706756591797, 2.793391227722168, 3.2067677974700928, 3.16125750541687, 3.021343469619751]
val_accuracy: [0.4058000147342682, 0.49799999594688416, 0.5428000092506409, 0.5776000022888184, 0.5564000010490417, 0.5956000089645386, 0.6132000088691711, 0.5830000042915344, 0.6110000014305115, 0.6159999966621399]

===== Network 16/20 =====
loss: [1.5462907552719116, 1.101227879524231, 0.9179273247718811, 0.7960764169692993, 0.7287140488624573, 0.6573050022125244, 0.6056056618690491, 0.5640327334403992, 0.5249152183532715, 0.4957560896873474]
accuracy: [0.41301631927490234, 0.5923168659210205, 0.6625649333000183, 0.711758017539978, 0.7369517683982849, 0.7631732225418091, 0.7804227471351624, 0.7960612177848816, 0.8093941807746887, 0.8209772109985352]
val_loss: [2.6583869457244873, 3.0751142501831055, 2.519449234008789, 3.016740322113037, 2.545407295227051, 2.6790385246276855, 2.715467929840088, 2.979203224182129, 2.934476852416992, 2.9487366676330566]
val_accuracy: [0.39800000190734863, 0.3147999942302704, 0.5527999997138977, 0.4413999915122986, 0.5649999976158142, 0.5834000110626221, 0.5569999814033508, 0.573199987411499, 0.5807999968528748, 0.5929999947547913]

===== Network 17/20 =====
loss: [1.5941957235336304, 1.035516619682312, 0.8230366110801697, 0.692801833152771, 0.6078709363937378, 0.5483662486076355, 0.498984694480896, 0.4575878381729126, 0.41768398880958557, 0.3957570493221283]
accuracy: [0.4040106534957886, 0.6285412907600403, 0.7100600004196167, 0.7580268979072571, 0.7878568768501282, 0.8072436451911926, 0.8246861696243286, 0.838101327419281, 0.852321982383728, 0.8611820936203003]
val_loss: [2.833285331726074, 2.865386724472046, 2.905653476715088, 2.7789723873138428, 2.7773783206939697, 3.2009098529815674, 2.9711098670959473, 3.070981502532959, 3.1212141513824463, 3.3241465091705322]
val_accuracy: [0.4327999949455261, 0.5103999972343445, 0.5626000165939331, 0.5698000192642212, 0.6021999716758728, 0.597599983215332, 0.6186000108718872, 0.6215999722480774, 0.604200005531311, 0.597000002861023]

===== Network 18/20 =====
loss: [1.6022067070007324, 1.1553415060043335, 0.9425570368766785, 0.8093304634094238, 0.7182743549346924, 0.6492350101470947, 0.59174644947052, 0.5503063797950745, 0.506404459476471, 0.46609780192375183]
accuracy: [0.3976013958454132, 0.5875738859176636, 0.6654451489448547, 0.7135282158851624, 0.7485911250114441, 0.7746314406394958, 0.7944809794425964, 0.8090280890464783, 0.8255739808082581, 0.8374837040901184]
val_loss: [3.2423624992370605, 2.7875301837921143, 2.9433436393737793, 2.8569741249084473, 2.8777925968170166, 3.0394299030303955, 3.150264024734497, 3.1952037811279297, 3.5868866443634033, 3.531998872756958]
val_accuracy: [0.4090000092983246, 0.48579999804496765, 0.5490000247955322, 0.5655999779701233, 0.5917999744415283, 0.5892000198364258, 0.5947999954223633, 0.603600025177002, 0.5861999988555908, 0.6015999913215637]

===== Network 19/20 =====
loss: [1.5905945301055908, 1.100127935409546, 0.8913286328315735, 0.7688496708869934, 0.6807313561439514, 0.6106593608856201, 0.5553166270256042, 0.5126638412475586, 0.4762813448905945, 0.4408530592918396]
accuracy: [0.40039438009262085, 0.6004665493965149, 0.6810620427131653, 0.7269975543022156, 0.7588524222373962, 0.7857638597488403, 0.8037326335906982, 0.8171188831329346, 0.8315327763557434, 0.8415307998657227]
val_loss: [2.644771099090576, 2.8631746768951416, 2.5467913150787354, 2.5136780738830566, 2.578056812286377, 2.8186192512512207, 2.8474388122558594, 2.7387754917144775, 3.1474742889404297, 2.8297152519226074]
val_accuracy: [0.4327999949455261, 0.5123999714851379, 0.5144000053405762, 0.5803999900817871, 0.5738000273704529, 0.598800003528595, 0.6140000224113464, 0.6150000095367432, 0.6218000054359436, 0.618399977684021]

===== Network 20/20 =====
loss: [1.643388032913208, 1.1774468421936035, 0.9385272264480591, 0.784382164478302, 0.6895323395729065, 0.6127835512161255, 0.556043803691864, 0.510692834854126, 0.4698578715324402, 0.4364626407623291]
accuracy: [0.3832370340824127, 0.5719802379608154, 0.6641849279403687, 0.7238860130310059, 0.7593066096305847, 0.7836704254150391, 0.8051728010177612, 0.8197855353355408, 0.8343427181243896, 0.8446494340896606]
val_loss: [2.7494494915008545, 2.7866461277008057, 2.705777883529663, 2.735452890396118, 2.7645416259765625, 2.624143600463867, 2.6753742694854736, 3.000690460205078, 3.1937360763549805, 2.9914448261260986]
val_accuracy: [0.42879998683929443, 0.49239999055862427, 0.5564000010490417, 0.5734000205993652, 0.5906000137329102, 0.61080002784729, 0.5899999737739563, 0.6078000068664551, 0.5938000082969666, 0.5996000170707703]

Training time: 3212.09 seconds

Accuracy prob. median voting:	0.7978
Accuracy prob. majority voting:	0.7966
Accuracy class majority voting:	0.7959
