Model: "Model_0_of_20"
_________________________________________________________________
 Layer (type)                Output Shape              Param #   
=================================================================
 conv2d (Conv2D)             (None, 32, 32, 4)         112       
                                                                 
 conv2d_1 (Conv2D)           (None, 32, 32, 8)         296       
                                                                 
 conv2d_2 (Conv2D)           (None, 32, 32, 16)        1168      
                                                                 
 max_pooling2d (MaxPooling2D  (None, 16, 16, 16)       0         
 )                                                               
                                                                 
 conv2d_3 (Conv2D)           (None, 16, 16, 32)        4640      
                                                                 
 max_pooling2d_1 (MaxPooling  (None, 8, 8, 32)         0         
 2D)                                                             
                                                                 
 conv2d_4 (Conv2D)           (None, 8, 8, 64)          18496     
                                                                 
 max_pooling2d_2 (MaxPooling  (None, 4, 4, 64)         0         
 2D)                                                             
                                                                 
 flatten (Flatten)           (None, 1024)              0         
                                                                 
 dense (Dense)               (None, 10)                10250     
                                                                 
=================================================================
Total params: 34,962
Trainable params: 34,962
Non-trainable params: 0
_________________________________________________________________
===== Network 1/20 =====
loss: [1.6089317798614502, 1.1506931781768799, 0.9580501317977905, 0.853428840637207, 0.7719453573226929, 0.7108061909675598, 0.6684010624885559, 0.626454770565033, 0.5857499241828918, 0.5592107772827148]
accuracy: [0.39012593030929565, 0.5776832699775696, 0.6523225903511047, 0.6909626722335815, 0.7245156168937683, 0.7445862293243408, 0.760987401008606, 0.7767492532730103, 0.791065514087677, 0.7978205680847168]
val_loss: [2.651984691619873, 2.647202968597412, 2.7256808280944824, 2.7834365367889404, 2.8448331356048584, 2.8927390575408936, 2.757789134979248, 3.0437088012695312, 3.2607929706573486, 3.038205146789551]
val_accuracy: [0.41339999437332153, 0.4984000027179718, 0.5289999842643738, 0.5658000111579895, 0.5591999888420105, 0.578000009059906, 0.5888000130653381, 0.5809999704360962, 0.578000009059906, 0.5830000042915344]

===== Network 2/20 =====
loss: [1.5840003490447998, 1.114132046699524, 0.9020529985427856, 0.7746914029121399, 0.6895943284034729, 0.6201640367507935, 0.5751768350601196, 0.5262408256530762, 0.4959939420223236, 0.4697815477848053]
accuracy: [0.40220409631729126, 0.5912169814109802, 0.6753830909729004, 0.7262658476829529, 0.7587164044380188, 0.782117486000061, 0.7980790734291077, 0.8147346377372742, 0.8246169090270996, 0.8309182524681091]
val_loss: [2.9968879222869873, 2.8038432598114014, 2.9506733417510986, 2.9369328022003174, 2.8676273822784424, 3.271421432495117, 3.158146858215332, 3.227128267288208, 2.9854087829589844, 3.1181447505950928]
val_accuracy: [0.42899999022483826, 0.49300000071525574, 0.5473999977111816, 0.5605999827384949, 0.5942000150680542, 0.597599983215332, 0.6019999980926514, 0.6033999919891357, 0.6069999933242798, 0.6097999811172485]

===== Network 3/20 =====
loss: [1.5654321908950806, 1.121447205543518, 0.932260274887085, 0.8224623203277588, 0.7356488704681396, 0.6703871488571167, 0.6189166307449341, 0.5792281627655029, 0.5393469333648682, 0.5138859748840332]
accuracy: [0.4093334674835205, 0.584190309047699, 0.6566512584686279, 0.699677586555481, 0.7307521104812622, 0.7546834349632263, 0.7739729881286621, 0.7909556031227112, 0.8031296730041504, 0.8131914138793945]
val_loss: [2.615579843521118, 3.0268125534057617, 2.7302463054656982, 2.509169578552246, 2.5752642154693604, 2.6948695182800293, 2.6648731231689453, 2.8609511852264404, 2.657508373260498, 2.87678599357605]
val_accuracy: [0.4410000145435333, 0.5058000087738037, 0.5357999801635742, 0.5727999806404114, 0.5752000212669373, 0.5892000198364258, 0.609000027179718, 0.6019999980926514, 0.600600004196167, 0.6218000054359436]

===== Network 4/20 =====
loss: [1.6552162170410156, 1.1400378942489624, 0.951708972454071, 0.8278408646583557, 0.7476728558540344, 0.6966275572776794, 0.6422531604766846, 0.613673746585846, 0.5748621225357056, 0.5409867763519287]
accuracy: [0.3644145429134369, 0.5808065533638, 0.6552624702453613, 0.6993691325187683, 0.7283844351768494, 0.7489508390426636, 0.7662933468818665, 0.7786887288093567, 0.791111946105957, 0.8047024607658386]
val_loss: [2.8428852558135986, 2.8746120929718018, 2.5135738849639893, 2.745468854904175, 2.797025203704834, 2.6355180740356445, 2.839992046356201, 2.7938385009765625, 2.7581160068511963, 2.7927050590515137]
val_accuracy: [0.4284000098705292, 0.4966000020503998, 0.5350000262260437, 0.5618000030517578, 0.5636000037193298, 0.5885999798774719, 0.5806000232696533, 0.5947999954223633, 0.6057999730110168, 0.6033999919891357]

===== Network 5/20 =====
loss: [1.673647165298462, 1.2249783277511597, 1.0298672914505005, 0.9056747555732727, 0.8156442046165466, 0.7502991557121277, 0.7064644694328308, 0.6520233154296875, 0.6162131428718567, 0.578489363193512]
accuracy: [0.3523001968860626, 0.5496594905853271, 0.6264072060585022, 0.6739680171012878, 0.7068241834640503, 0.7299513816833496, 0.7476580739021301, 0.7641139626502991, 0.7789298295974731, 0.7925226092338562]
val_loss: [2.9867968559265137, 2.9956436157226562, 2.7629542350769043, 2.8360586166381836, 2.9502573013305664, 3.0243608951568604, 2.865523338317871, 2.97147274017334, 3.111769676208496, 3.2830588817596436]
val_accuracy: [0.42480000853538513, 0.4487999975681305, 0.5198000073432922, 0.5297999978065491, 0.5641999840736389, 0.5698000192642212, 0.5577999949455261, 0.5863999724388123, 0.5766000151634216, 0.5898000001907349]

===== Network 6/20 =====
loss: [1.6088184118270874, 1.170693039894104, 0.9971786141395569, 0.8770349025726318, 0.7996818423271179, 0.7402713894844055, 0.6836867928504944, 0.6421155333518982, 0.6127011775970459, 0.5821285843849182]
accuracy: [0.39445817470550537, 0.5678274631500244, 0.6353075504302979, 0.6819988489151001, 0.7116533517837524, 0.7338317632675171, 0.7531474828720093, 0.7670714855194092, 0.7793279886245728, 0.7894444465637207]
val_loss: [3.0417864322662354, 2.7509608268737793, 2.6810555458068848, 2.6719415187835693, 2.694732904434204, 2.709900140762329, 2.823560953140259, 2.9619784355163574, 2.9892566204071045, 3.1025571823120117]
val_accuracy: [0.42559999227523804, 0.47760000824928284, 0.5281999707221985, 0.5379999876022339, 0.5504000186920166, 0.5382000207901001, 0.5824000239372253, 0.5618000030517578, 0.5509999990463257, 0.5703999996185303]

===== Network 7/20 =====
loss: [1.6087031364440918, 1.2289656400680542, 1.0626057386398315, 0.9566709399223328, 0.8761419057846069, 0.8170551657676697, 0.7550429701805115, 0.7096978425979614, 0.6727073788642883, 0.6381786465644836]
accuracy: [0.39664462208747864, 0.5443586707115173, 0.608160674571991, 0.6544914245605469, 0.684100866317749, 0.7067385315895081, 0.7292928099632263, 0.7501527667045593, 0.7577912211418152, 0.768873929977417]
val_loss: [2.7188661098480225, 2.715423107147217, 2.9442296028137207, 3.0178654193878174, 2.69421648979187, 2.9241061210632324, 2.7458655834198, 2.8765690326690674, 2.87965989112854, 3.3604211807250977]
val_accuracy: [0.34540000557899475, 0.44999998807907104, 0.4796000123023987, 0.503600001335144, 0.4846000075340271, 0.5216000080108643, 0.555400013923645, 0.5608000159263611, 0.5332000255584717, 0.5604000091552734]

===== Network 8/20 =====
loss: [1.5143730640411377, 1.1113163232803345, 0.9454942345619202, 0.8328997492790222, 0.7566821575164795, 0.6955967545509338, 0.648870587348938, 0.6152361035346985, 0.5851166844367981, 0.5533592104911804]
accuracy: [0.41735824942588806, 0.5836132168769836, 0.6539454460144043, 0.6956618428230286, 0.7266923785209656, 0.7487579584121704, 0.7647450566291809, 0.7772072553634644, 0.7878930568695068, 0.7989397644996643]
val_loss: [2.681020975112915, 2.7512147426605225, 2.8320610523223877, 2.6870851516723633, 2.716108798980713, 2.9259448051452637, 2.7277286052703857, 2.9221012592315674, 2.951793670654297, 3.005786895751953]
val_accuracy: [0.44279998540878296, 0.4936000108718872, 0.524399995803833, 0.5404000282287598, 0.555400013923645, 0.5708000063896179, 0.5856000185012817, 0.5896000266075134, 0.5942000150680542, 0.5893999934196472]

===== Network 9/20 =====
loss: [1.621591567993164, 1.2085978984832764, 1.0367685556411743, 0.900783896446228, 0.7953276038169861, 0.7250505089759827, 0.6722537875175476, 0.621655285358429, 0.5909469723701477, 0.5551894307136536]
accuracy: [0.3818433880805969, 0.5512682199478149, 0.6218433976173401, 0.6775329113006592, 0.7191407084465027, 0.7445322275161743, 0.7636867761611938, 0.7823145985603333, 0.7934026122093201, 0.8032432198524475]
val_loss: [2.8521366119384766, 2.880528211593628, 3.068122148513794, 2.9382426738739014, 3.2559332847595215, 2.949176073074341, 3.1976592540740967, 2.992448568344116, 3.203582286834717, 3.5980660915374756]
val_accuracy: [0.39160001277923584, 0.45159998536109924, 0.4790000021457672, 0.5382000207901001, 0.5623999834060669, 0.5726000070571899, 0.5752000212669373, 0.5813999772071838, 0.5831999778747559, 0.5734000205993652]

===== Network 10/20 =====
loss: [1.6184555292129517, 1.1554757356643677, 0.9964139461517334, 0.9013498425483704, 0.826842188835144, 0.7672016024589539, 0.7197279334068298, 0.6800506114959717, 0.6477185487747192, 0.6140943765640259]
accuracy: [0.3852121829986572, 0.5738835334777832, 0.6397586464881897, 0.6738501787185669, 0.7011845707893372, 0.7267671227455139, 0.743034303188324, 0.756437361240387, 0.7674767971038818, 0.7780712842941284]
val_loss: [2.7356207370758057, 3.129772424697876, 2.5306599140167236, 2.5089097023010254, 2.7770674228668213, 2.869757890701294, 2.7521722316741943, 2.8085715770721436, 3.012439012527466, 2.961252450942993]
val_accuracy: [0.40860000252723694, 0.46140000224113464, 0.5180000066757202, 0.5472000241279602, 0.5465999841690063, 0.5509999990463257, 0.5681999921798706, 0.5648000240325928, 0.5680000185966492, 0.5712000131607056]

===== Network 11/20 =====
loss: [1.6911494731903076, 1.1733953952789307, 0.9780596494674683, 0.8591437339782715, 0.7732577919960022, 0.7071459889411926, 0.6619464159011841, 0.6236803531646729, 0.5866765975952148, 0.5564277768135071]
accuracy: [0.35239893198013306, 0.5732174515724182, 0.6527376770973206, 0.6963571906089783, 0.727093517780304, 0.750888466835022, 0.7681030631065369, 0.7794313430786133, 0.7920646667480469, 0.8021712303161621]
val_loss: [2.7991678714752197, 2.873265504837036, 2.7803750038146973, 2.605215072631836, 3.109931468963623, 2.9457051753997803, 3.0898547172546387, 2.857228994369507, 3.1477246284484863, 2.959804058074951]
val_accuracy: [0.3944000005722046, 0.5037999749183655, 0.5374000072479248, 0.5586000084877014, 0.5580000281333923, 0.5568000078201294, 0.5680000185966492, 0.5885999798774719, 0.5878000259399414, 0.5910000205039978]

===== Network 12/20 =====
loss: [1.5773054361343384, 1.1420114040374756, 0.9707666635513306, 0.8503843545913696, 0.766054630279541, 0.7041479349136353, 0.6490161418914795, 0.6062182784080505, 0.5793840289115906, 0.5479004979133606]
accuracy: [0.4040311276912689, 0.5779538750648499, 0.6461217403411865, 0.6917709112167358, 0.7222685813903809, 0.7448707222938538, 0.7661662697792053, 0.7821239829063416, 0.7896302342414856, 0.799638569355011]
val_loss: [2.6725502014160156, 2.7850959300994873, 2.6238813400268555, 2.4928221702575684, 2.9082400798797607, 2.502584218978882, 2.816556215286255, 2.8827946186065674, 2.7326316833496094, 3.073641300201416]
val_accuracy: [0.42879998683929443, 0.47859999537467957, 0.5063999891281128, 0.5472000241279602, 0.5314000248908997, 0.5658000111579895, 0.5929999947547913, 0.5681999921798706, 0.4991999864578247, 0.6000000238418579]

===== Network 13/20 =====
loss: [1.6037899255752563, 1.1671298742294312, 0.981364369392395, 0.8656786680221558, 0.7845086455345154, 0.7193782329559326, 0.6729794144630432, 0.6315587759017944, 0.5980370044708252, 0.5694700479507446]
accuracy: [0.39557480812072754, 0.5849643349647522, 0.6528136134147644, 0.6941506266593933, 0.7249659895896912, 0.7486743927001953, 0.7660531401634216, 0.7762138843536377, 0.7906498908996582, 0.8001998662948608]
val_loss: [2.9288291931152344, 2.801593780517578, 2.8877360820770264, 2.9325172901153564, 2.629161834716797, 2.8224937915802, 3.1770834922790527, 3.095745086669922, 3.2090773582458496, 2.958364248275757]
val_accuracy: [0.42559999227523804, 0.4796000123023987, 0.5307999849319458, 0.545799970626831, 0.5720000267028809, 0.5756000280380249, 0.5831999778747559, 0.5863999724388123, 0.5777999758720398, 0.5935999751091003]

===== Network 14/20 =====
loss: [1.5697133541107178, 1.05702805519104, 0.8600067496299744, 0.7435325980186462, 0.6620610952377319, 0.6083617806434631, 0.5648934245109558, 0.5204072594642639, 0.48737281560897827, 0.45895519852638245]
accuracy: [0.4042641818523407, 0.6190555691719055, 0.6935954093933105, 0.7407068014144897, 0.7650814652442932, 0.7854307293891907, 0.7997279167175293, 0.8134421706199646, 0.827656090259552, 0.837594747543335]
val_loss: [3.1078381538391113, 2.910881757736206, 2.9779248237609863, 2.710904598236084, 2.693418264389038, 2.553698778152466, 2.765961170196533, 2.9956538677215576, 2.600092649459839, 2.917069673538208]
val_accuracy: [0.44119998812675476, 0.5070000290870667, 0.5386000275611877, 0.5843999981880188, 0.5896000266075134, 0.6083999872207642, 0.6177999973297119, 0.6146000027656555, 0.6169999837875366, 0.614799976348877]

===== Network 15/20 =====
loss: [1.6152352094650269, 1.1699506044387817, 0.9672061800956726, 0.8341352939605713, 0.7371552586555481, 0.6704826354980469, 0.6216513514518738, 0.5840911269187927, 0.5454058647155762, 0.5118036270141602]
accuracy: [0.3854716122150421, 0.5680619478225708, 0.6521123647689819, 0.7018542289733887, 0.7389107942581177, 0.7617276310920715, 0.7794370651245117, 0.7928718328475952, 0.8080552816390991, 0.8203797340393066]
val_loss: [2.6461987495422363, 3.265245199203491, 2.9452757835388184, 3.018409490585327, 3.116041898727417, 2.7089476585388184, 2.7432925701141357, 3.005089044570923, 3.1619465351104736, 3.02091383934021]
val_accuracy: [0.41659998893737793, 0.48539999127388, 0.5443999767303467, 0.5741999745368958, 0.5843999981880188, 0.5898000001907349, 0.592199981212616, 0.6019999980926514, 0.599399983882904, 0.6057999730110168]

===== Network 16/20 =====
loss: [1.6533899307250977, 1.173669695854187, 0.9412389993667603, 0.8179624676704407, 0.738720715045929, 0.6806294322013855, 0.6325408220291138, 0.5950407385826111, 0.562126100063324, 0.5350815057754517]
accuracy: [0.37375590205192566, 0.5679177045822144, 0.6574645638465881, 0.7015846371650696, 0.7283569574356079, 0.7516819834709167, 0.7699750065803528, 0.7839310765266418, 0.7943841814994812, 0.8070614337921143]
val_loss: [2.7975525856018066, 2.6248021125793457, 2.668100118637085, 2.3190648555755615, 2.5413694381713867, 2.5027832984924316, 2.6198811531066895, 2.7074100971221924, 2.6571521759033203, 2.9111030101776123]
val_accuracy: [0.37119999527931213, 0.46140000224113464, 0.5242000222206116, 0.5576000213623047, 0.5633999705314636, 0.5758000016212463, 0.5910000205039978, 0.5852000117301941, 0.5934000015258789, 0.5899999737739563]

===== Network 17/20 =====
loss: [1.6088370084762573, 1.1043095588684082, 0.8855753540992737, 0.7597845196723938, 0.6770094037055969, 0.6172158122062683, 0.5716865062713623, 0.5328325629234314, 0.49503907561302185, 0.4698471426963806]
accuracy: [0.3962421417236328, 0.600839376449585, 0.6837511658668518, 0.7324197888374329, 0.7622991800308228, 0.7836177945137024, 0.7996275424957275, 0.8101339936256409, 0.8267830610275269, 0.8332870006561279]
val_loss: [2.801180839538574, 2.6774349212646484, 2.838881492614746, 2.4787755012512207, 2.3524060249328613, 2.839777708053589, 2.7732596397399902, 2.6702845096588135, 2.9015440940856934, 3.0585744380950928]
val_accuracy: [0.44179999828338623, 0.5163999795913696, 0.5681999921798706, 0.5899999737739563, 0.5852000117301941, 0.602400004863739, 0.5943999886512756, 0.6173999905586243, 0.6191999912261963, 0.6237999796867371]

===== Network 18/20 =====
loss: [1.5860978364944458, 1.1327780485153198, 0.9264376759529114, 0.8100945949554443, 0.728666365146637, 0.6658803820610046, 0.6209723949432373, 0.5816346406936646, 0.5488858222961426, 0.5168419480323792]
accuracy: [0.39847639203071594, 0.5922651290893555, 0.6709205508232117, 0.7137653827667236, 0.7432646751403809, 0.7643395066261292, 0.7836071848869324, 0.794394850730896, 0.8066561222076416, 0.8172213435173035]
val_loss: [3.042546272277832, 2.5470354557037354, 2.6338775157928467, 2.6891262531280518, 2.7331156730651855, 2.897977113723755, 3.0286757946014404, 3.030015707015991, 2.921372175216675, 3.062420606613159]
val_accuracy: [0.37560001015663147, 0.5184000134468079, 0.5497999787330627, 0.5613999962806702, 0.5720000267028809, 0.5774000287055969, 0.6014000177383423, 0.597599983215332, 0.5992000102996826, 0.6083999872207642]

===== Network 19/20 =====
loss: [1.5545226335525513, 1.075325846672058, 0.8924975991249084, 0.7828342318534851, 0.7197190523147583, 0.6643257737159729, 0.6232233643531799, 0.5802075266838074, 0.5444106459617615, 0.5237017869949341]
accuracy: [0.4166759252548218, 0.6094513535499573, 0.6802254319190979, 0.7200133204460144, 0.7453354001045227, 0.7662150263786316, 0.7796812653541565, 0.7950355410575867, 0.8068081140518188, 0.8128331899642944]
val_loss: [3.0501067638397217, 2.4892783164978027, 2.78140926361084, 2.837705135345459, 2.827413320541382, 2.8508431911468506, 2.775621175765991, 2.7425053119659424, 2.9117374420166016, 3.032177448272705]
val_accuracy: [0.421999990940094, 0.5049999952316284, 0.5546000003814697, 0.5834000110626221, 0.5799999833106995, 0.5892000198364258, 0.5907999873161316, 0.5974000096321106, 0.6097999811172485, 0.614799976348877]

===== Network 20/20 =====
loss: [1.5872864723205566, 1.1693434715270996, 0.9845226407051086, 0.8610109090805054, 0.7748494148254395, 0.6999604105949402, 0.6553031802177429, 0.6096991300582886, 0.5687243342399597, 0.5404797196388245]
accuracy: [0.40486571192741394, 0.5751937031745911, 0.6464298367500305, 0.6948648691177368, 0.7285805344581604, 0.7551031708717346, 0.7700169682502747, 0.7849584817886353, 0.8004276752471924, 0.8093981742858887]
val_loss: [2.8056094646453857, 2.9882431030273438, 2.970639705657959, 2.9095516204833984, 2.7633602619171143, 2.9643073081970215, 3.1174559593200684, 3.0198774337768555, 2.9343721866607666, 3.20227313041687]
val_accuracy: [0.38359999656677246, 0.49059998989105225, 0.5055999755859375, 0.555400013923645, 0.5651999711990356, 0.5752000212669373, 0.5824000239372253, 0.5809999704360962, 0.5899999737739563, 0.5843999981880188]

Training time: 2694.25 seconds

Accuracy prob. median voting:	0.7919
Accuracy prob. majority voting:	0.7938
Accuracy class majority voting:	0.79
