Model: "Model_0_of_25"
_________________________________________________________________
 Layer (type)                Output Shape              Param #   
=================================================================
 conv2d (Conv2D)             (None, 32, 32, 5)         140       
                                                                 
 conv2d_1 (Conv2D)           (None, 32, 32, 10)        460       
                                                                 
 conv2d_2 (Conv2D)           (None, 32, 32, 20)        1820      
                                                                 
 max_pooling2d (MaxPooling2D  (None, 16, 16, 20)       0         
 )                                                               
                                                                 
 conv2d_3 (Conv2D)           (None, 16, 16, 40)        7240      
                                                                 
 max_pooling2d_1 (MaxPooling  (None, 8, 8, 40)         0         
 2D)                                                             
                                                                 
 conv2d_4 (Conv2D)           (None, 8, 8, 80)          28880     
                                                                 
 max_pooling2d_2 (MaxPooling  (None, 4, 4, 80)         0         
 2D)                                                             
                                                                 
 flatten (Flatten)           (None, 1280)              0         
                                                                 
 dense (Dense)               (None, 10)                12810     
                                                                 
=================================================================
Total params: 51,350
Trainable params: 51,350
Non-trainable params: 0
_________________________________________________________________
===== Network 1/25 =====
loss: [1.5952105522155762, 1.1865360736846924, 0.9896285533905029, 0.862149715423584, 0.7714414596557617, 0.70223468542099, 0.6424143314361572, 0.5904697775840759, 0.5496665239334106, 0.5117429494857788]
accuracy: [0.39390406012535095, 0.5581279397010803, 0.6402676105499268, 0.6895403265953064, 0.722324013710022, 0.7464467883110046, 0.7677659392356873, 0.7873084545135498, 0.8006051778793335, 0.8166777491569519]
val_loss: [3.0371737480163574, 2.7843308448791504, 2.6296732425689697, 2.735582113265991, 2.8190486431121826, 2.725546360015869, 2.86228084564209, 2.983537197113037, 2.8935179710388184, 3.3413074016571045]
val_accuracy: [0.4065999984741211, 0.45879998803138733, 0.5296000242233276, 0.5320000052452087, 0.5594000220298767, 0.567799985408783, 0.5633999705314636, 0.5748000144958496, 0.5842000246047974, 0.5807999968528748]

===== Network 2/25 =====
loss: [1.6274579763412476, 1.1016433238983154, 0.8675386905670166, 0.735267162322998, 0.6426085829734802, 0.5742143392562866, 0.5169933438301086, 0.4661044776439667, 0.4311796724796295, 0.4002906382083893]
accuracy: [0.38087037205696106, 0.5963562726974487, 0.6895325779914856, 0.7364123463630676, 0.7743216753005981, 0.797261655330658, 0.816841185092926, 0.8357819318771362, 0.8443357944488525, 0.8582220077514648]
val_loss: [2.600710153579712, 2.6817309856414795, 2.9873085021972656, 3.11511492729187, 3.0063343048095703, 3.276495933532715, 2.9315826892852783, 3.3877105712890625, 3.3325231075286865, 3.4940390586853027]
val_accuracy: [0.4187999963760376, 0.4564000070095062, 0.5594000220298767, 0.5676000118255615, 0.6104000210762024, 0.6050000190734863, 0.6047999858856201, 0.5974000096321106, 0.6158000230789185, 0.6322000026702881]

===== Network 3/25 =====
loss: [1.5270600318908691, 1.115827202796936, 0.9302032589912415, 0.8007103204727173, 0.703313410282135, 0.6397499442100525, 0.5835539698600769, 0.539277195930481, 0.4958917200565338, 0.45762139558792114]
accuracy: [0.428352952003479, 0.591168224811554, 0.6593531966209412, 0.7111592888832092, 0.7462528944015503, 0.769555926322937, 0.7899112701416016, 0.8048719167709351, 0.8204443454742432, 0.8352937698364258]
val_loss: [2.6674697399139404, 2.6438486576080322, 2.6258702278137207, 2.6782054901123047, 2.62530779838562, 2.622027635574341, 2.792261838912964, 2.6507861614227295, 2.590951442718506, 3.009502649307251]
val_accuracy: [0.43799999356269836, 0.49160000681877136, 0.545199990272522, 0.5655999779701233, 0.5781999826431274, 0.5911999940872192, 0.5874000191688538, 0.5960000157356262, 0.6164000034332275, 0.6128000020980835]

===== Network 4/25 =====
loss: [1.6020756959915161, 1.1369919776916504, 0.9328452348709106, 0.8043222427368164, 0.7140553593635559, 0.6433898210525513, 0.5858051776885986, 0.5410624146461487, 0.5020658373832703, 0.46298664808273315]
accuracy: [0.3913128077983856, 0.5797854661941528, 0.6601822972297668, 0.7080925107002258, 0.7424132823944092, 0.7689806818962097, 0.7907959222793579, 0.8042185306549072, 0.8189473152160645, 0.8332314491271973]
val_loss: [2.9233860969543457, 2.5102477073669434, 2.8250160217285156, 3.1051557064056396, 2.6615519523620605, 3.049622058868408, 3.048391819000244, 2.925708532333374, 3.1673147678375244, 3.3064448833465576]
val_accuracy: [0.41600000858306885, 0.49720001220703125, 0.550599992275238, 0.5483999848365784, 0.5809999704360962, 0.5741999745368958, 0.5853999853134155, 0.5952000021934509, 0.6011999845504761, 0.593999981880188]

===== Network 5/25 =====
loss: [1.5974332094192505, 1.1341532468795776, 0.9584582448005676, 0.8448980450630188, 0.7619462609291077, 0.6907479166984558, 0.6374963521957397, 0.5934019088745117, 0.5534645915031433, 0.5218857526779175]
accuracy: [0.39301612973213196, 0.5876182317733765, 0.6542571187019348, 0.6941847801208496, 0.7271841764450073, 0.7530606389045715, 0.7689482569694519, 0.7886199355125427, 0.803533673286438, 0.8123539090156555]
val_loss: [2.6295130252838135, 2.845161199569702, 3.1427736282348633, 2.7502787113189697, 2.7988805770874023, 3.057349681854248, 2.9269070625305176, 2.980863571166992, 3.2075295448303223, 3.3321480751037598]
val_accuracy: [0.42399999499320984, 0.47699999809265137, 0.475600004196167, 0.5519999861717224, 0.5738000273704529, 0.5613999962806702, 0.5907999873161316, 0.5848000049591064, 0.5914000272750854, 0.5838000178337097]

===== Network 6/25 =====
loss: [1.5744317770004272, 1.142438292503357, 0.9339126944541931, 0.8098073601722717, 0.7213885188102722, 0.658779501914978, 0.6018656492233276, 0.5577405095100403, 0.5165977478027344, 0.48619988560676575]
accuracy: [0.410156786441803, 0.5826002359390259, 0.6618010401725769, 0.7106424570083618, 0.741057276725769, 0.7630914449691772, 0.7824615240097046, 0.7992507219314575, 0.8139864206314087, 0.8219786286354065]
val_loss: [3.11592960357666, 2.7890446186065674, 2.786271095275879, 2.8546924591064453, 3.081247329711914, 2.697014570236206, 2.956171989440918, 3.1239030361175537, 3.215956687927246, 3.2476725578308105]
val_accuracy: [0.3790000081062317, 0.4596000015735626, 0.5320000052452087, 0.5054000020027161, 0.5680000185966492, 0.5690000057220459, 0.5812000036239624, 0.5807999968528748, 0.574400007724762, 0.5943999886512756]

===== Network 7/25 =====
loss: [1.657279133796692, 1.200987458229065, 0.9996820092201233, 0.876264750957489, 0.7927132248878479, 0.7251297831535339, 0.663041353225708, 0.6206101179122925, 0.5798464417457581, 0.5435962677001953]
accuracy: [0.3753161132335663, 0.5563182830810547, 0.6360225677490234, 0.6834060549736023, 0.7134758234024048, 0.7404329776763916, 0.7620820999145508, 0.7768390774726868, 0.7918739318847656, 0.8070477843284607]
val_loss: [2.947695016860962, 2.8280062675476074, 2.6270034313201904, 2.748969316482544, 2.5745110511779785, 2.713158130645752, 2.59021258354187, 2.766404151916504, 2.7626330852508545, 2.941922426223755]
val_accuracy: [0.3736000061035156, 0.4586000144481659, 0.510200023651123, 0.550000011920929, 0.5583999752998352, 0.5708000063896179, 0.5785999894142151, 0.5774000287055969, 0.5669999718666077, 0.5803999900817871]

===== Network 8/25 =====
loss: [1.5434147119522095, 1.0807244777679443, 0.9044332504272461, 0.8017545342445374, 0.7259784936904907, 0.6648896336555481, 0.6123107671737671, 0.5726596713066101, 0.532651960849762, 0.4998677670955658]
accuracy: [0.41072818636894226, 0.6013896465301514, 0.6679266095161438, 0.7064757943153381, 0.7361589670181274, 0.7594218850135803, 0.7766814827919006, 0.7905502915382385, 0.8073930144309998, 0.8161200881004333]
val_loss: [2.6750376224517822, 2.5338070392608643, 2.7092485427856445, 3.024284601211548, 2.740201473236084, 3.1782493591308594, 2.705878257751465, 2.8804664611816406, 3.0562171936035156, 3.0544867515563965]
val_accuracy: [0.4357999861240387, 0.49540001153945923, 0.5397999882698059, 0.5436000227928162, 0.576200008392334, 0.5687999725341797, 0.5794000029563904, 0.5853999853134155, 0.5812000036239624, 0.5817999839782715]

===== Network 9/25 =====
loss: [1.619018793106079, 1.2150672674179077, 1.0422451496124268, 0.9099514484405518, 0.8111442923545837, 0.7377752661705017, 0.6789347529411316, 0.6272332668304443, 0.5787027478218079, 0.5480967164039612]
accuracy: [0.3810858726501465, 0.5493532419204712, 0.6152501106262207, 0.6737911701202393, 0.7102925777435303, 0.7389940619468689, 0.7602842450141907, 0.7802420258522034, 0.7931494116783142, 0.8085549473762512]
val_loss: [2.9412055015563965, 2.8217570781707764, 3.2185723781585693, 2.8548755645751953, 3.012357234954834, 3.133540153503418, 3.656322717666626, 3.2822811603546143, 3.2806315422058105, 3.3223965167999268]
val_accuracy: [0.4092000126838684, 0.46219998598098755, 0.503000020980835, 0.5289999842643738, 0.5658000111579895, 0.5699999928474426, 0.5587999820709229, 0.5533999800682068, 0.5997999906539917, 0.5827999711036682]

===== Network 10/25 =====
loss: [1.599313497543335, 1.1656322479248047, 0.9656341671943665, 0.8568107485771179, 0.7790297269821167, 0.718557596206665, 0.6586266756057739, 0.6154879331588745, 0.5849311947822571, 0.5478537082672119]
accuracy: [0.39157846570014954, 0.5740355253219604, 0.6527789235115051, 0.6936644315719604, 0.7206899523735046, 0.7463266849517822, 0.7668527364730835, 0.7812960147857666, 0.7911840677261353, 0.8054606318473816]
val_loss: [2.748497247695923, 2.6576170921325684, 2.9074037075042725, 3.0650997161865234, 2.8752036094665527, 2.9412856101989746, 3.0231010913848877, 3.0415072441101074, 3.5220816135406494, 3.0491135120391846]
val_accuracy: [0.415800005197525, 0.4553999900817871, 0.5252000093460083, 0.527400016784668, 0.5212000012397766, 0.5626000165939331, 0.5401999950408936, 0.5565999746322632, 0.5580000281333923, 0.5687999725341797]

===== Network 11/25 =====
loss: [1.5848935842514038, 1.0791780948638916, 0.8764767646789551, 0.7642322182655334, 0.6813653707504272, 0.6198353171348572, 0.5648325085639954, 0.5250710844993591, 0.4861243665218353, 0.4559823274612427]
accuracy: [0.4034387171268463, 0.6116472482681274, 0.6874653100967407, 0.7310038805007935, 0.7605656981468201, 0.7817803621292114, 0.8014143109321594, 0.8145036101341248, 0.8294509053230286, 0.8387964367866516]
val_loss: [3.065384864807129, 2.6339871883392334, 2.9014129638671875, 2.72359561920166, 3.0683295726776123, 3.2840754985809326, 3.6191117763519287, 3.3387227058410645, 3.421412944793701, 3.7482666969299316]
val_accuracy: [0.4514000117778778, 0.5216000080108643, 0.548799991607666, 0.5752000212669373, 0.569599986076355, 0.5952000021934509, 0.5943999886512756, 0.592199981212616, 0.5960000157356262, 0.5997999906539917]

===== Network 12/25 =====
loss: [1.622631549835205, 1.093273401260376, 0.8801925182342529, 0.7584701776504517, 0.6777006387710571, 0.6119937896728516, 0.5698092579841614, 0.5286717414855957, 0.49227404594421387, 0.45498067140579224]
accuracy: [0.38517385721206665, 0.5956328511238098, 0.6766341924667358, 0.7279555201530457, 0.7563282251358032, 0.7803894281387329, 0.7947148680686951, 0.8119332194328308, 0.8212795257568359, 0.833908200263977]
val_loss: [2.8694002628326416, 2.589446783065796, 2.480877637863159, 2.877189874649048, 2.4234354496002197, 2.852994680404663, 2.993579626083374, 2.9051754474639893, 2.763148546218872, 3.1667420864105225]
val_accuracy: [0.4043999910354614, 0.5152000188827515, 0.5690000057220459, 0.5758000016212463, 0.5835999846458435, 0.5857999920845032, 0.5863999724388123, 0.6111999750137329, 0.6082000136375427, 0.5946000218391418]

===== Network 13/25 =====
loss: [1.5899176597595215, 1.1170375347137451, 0.9151818156242371, 0.7935959696769714, 0.709425151348114, 0.6418505907058716, 0.5937439203262329, 0.5485741496086121, 0.5116996169090271, 0.4795754551887512]
accuracy: [0.40333545207977295, 0.5994672179222107, 0.6772761344909668, 0.7223131656646729, 0.7526431083679199, 0.7763409614562988, 0.7903543710708618, 0.8095846176147461, 0.8198795914649963, 0.8301190733909607]
val_loss: [3.129293441772461, 3.2320659160614014, 3.3272078037261963, 3.0489745140075684, 3.1335561275482178, 3.0959577560424805, 3.4679534435272217, 3.8293213844299316, 3.409557819366455, 3.9635655879974365]
val_accuracy: [0.4244000017642975, 0.4848000109195709, 0.5407999753952026, 0.574999988079071, 0.5442000031471252, 0.5866000056266785, 0.5809999704360962, 0.5770000219345093, 0.5867999792098999, 0.5806000232696533]

===== Network 14/25 =====
loss: [1.5222700834274292, 1.049749732017517, 0.830328643321991, 0.7030593752861023, 0.6198647618293762, 0.5497786998748779, 0.5018096566200256, 0.46055054664611816, 0.42486363649368286, 0.3910878896713257]
accuracy: [0.42551302909851074, 0.6177204847335815, 0.7043815851211548, 0.7516639232635498, 0.7821131348609924, 0.8069051504135132, 0.8251248002052307, 0.8379090428352356, 0.849057137966156, 0.8615363240242004]
val_loss: [2.777127265930176, 3.2601027488708496, 2.7922794818878174, 2.6596901416778564, 2.993077039718628, 2.7389283180236816, 2.9760520458221436, 3.329714775085449, 2.9671242237091064, 3.408302068710327]
val_accuracy: [0.45500001311302185, 0.5184000134468079, 0.5825999975204468, 0.5824000239372253, 0.5982000231742859, 0.6074000000953674, 0.6161999702453613, 0.614799976348877, 0.625, 0.6043999791145325]

===== Network 15/25 =====
loss: [1.541925311088562, 1.095473051071167, 0.8788195252418518, 0.7451705932617188, 0.6670836210250854, 0.6006860733032227, 0.5512105226516724, 0.5062434673309326, 0.4644087553024292, 0.43886110186576843]
accuracy: [0.41590240597724915, 0.5985214710235596, 0.6852870583534241, 0.7357012033462524, 0.7649379968643188, 0.7883108258247375, 0.8056250214576721, 0.8217442035675049, 0.8356956243515015, 0.8457562327384949]
val_loss: [2.67046856880188, 2.881934404373169, 2.8138034343719482, 3.141162157058716, 2.628842353820801, 2.7497777938842773, 2.772061824798584, 3.182676315307617, 2.9103407859802246, 3.1342949867248535]
val_accuracy: [0.42179998755455017, 0.5109999775886536, 0.5546000003814697, 0.5735999941825867, 0.603600025177002, 0.6046000123023987, 0.605400025844574, 0.6083999872207642, 0.6029999852180481, 0.6186000108718872]

===== Network 16/25 =====
loss: [1.5029385089874268, 1.0601779222488403, 0.8905746340751648, 0.7692403793334961, 0.6876461505889893, 0.6267903447151184, 0.5744498372077942, 0.5341632962226868, 0.49452733993530273, 0.4799858629703522]
accuracy: [0.4329046308994293, 0.6128718852996826, 0.6749534606933594, 0.723285436630249, 0.75264573097229, 0.7760339975357056, 0.7940057516098022, 0.8071164488792419, 0.8194772601127625, 0.8249770998954773]
val_loss: [2.581171989440918, 2.838320732116699, 2.8248581886291504, 2.5301780700683594, 2.9068515300750732, 2.8492350578308105, 2.673352003097534, 2.7849743366241455, 2.8220036029815674, 2.9508087635040283]
val_accuracy: [0.3959999978542328, 0.42579999566078186, 0.545799970626831, 0.5509999990463257, 0.5529999732971191, 0.5735999941825867, 0.5753999948501587, 0.5867999792098999, 0.579200029373169, 0.5806000232696533]

===== Network 17/25 =====
loss: [1.5199241638183594, 1.0660783052444458, 0.8586326837539673, 0.7386739253997803, 0.6521344184875488, 0.5901288986206055, 0.5356097221374512, 0.48982393741607666, 0.4519699811935425, 0.4139295816421509]
accuracy: [0.4317229390144348, 0.6135916113853455, 0.6933984756469727, 0.7399061918258667, 0.7700141668319702, 0.7920193076133728, 0.8104725480079651, 0.8283153176307678, 0.8417182564735413, 0.8534006476402283]
val_loss: [2.7887649536132812, 2.862609386444092, 2.986628532409668, 2.7752246856689453, 2.8991892337799072, 2.8030827045440674, 3.239656448364258, 2.9221854209899902, 3.079610824584961, 3.4431581497192383]
val_accuracy: [0.43880000710487366, 0.49559998512268066, 0.545799970626831, 0.5740000009536743, 0.5813999772071838, 0.5871999859809875, 0.5907999873161316, 0.597599983215332, 0.6079999804496765, 0.6050000190734863]

===== Network 18/25 =====
loss: [1.5412542819976807, 1.113037109375, 0.9291151762008667, 0.7979850769042969, 0.7064375877380371, 0.648310124874115, 0.5892616510391235, 0.5467705130577087, 0.5127698183059692, 0.4722152054309845]
accuracy: [0.4282263517379761, 0.5992336869239807, 0.6676754951477051, 0.7208462953567505, 0.7531097531318665, 0.7745446562767029, 0.7922312021255493, 0.8091126084327698, 0.8212183713912964, 0.8337960839271545]
val_loss: [3.118164300918579, 2.7966363430023193, 2.7350826263427734, 2.7892391681671143, 3.03487491607666, 2.8790576457977295, 2.9472501277923584, 3.032104015350342, 3.042597770690918, 3.4207327365875244]
val_accuracy: [0.42419999837875366, 0.5019999742507935, 0.5397999882698059, 0.5659999847412109, 0.5586000084877014, 0.5853999853134155, 0.5861999988555908, 0.5971999764442444, 0.6032000184059143, 0.5928000211715698]

===== Network 19/25 =====
loss: [1.6435915231704712, 1.1028896570205688, 0.88983553647995, 0.7538444995880127, 0.6699246168136597, 0.5986719727516174, 0.5464344620704651, 0.5020737648010254, 0.46796441078186035, 0.43835949897766113]
accuracy: [0.37592586874961853, 0.5946680903434753, 0.6806669235229492, 0.7335700392723083, 0.7633922100067139, 0.7882486581802368, 0.8070574402809143, 0.8210946917533875, 0.8334119319915771, 0.8450078964233398]
val_loss: [3.0259788036346436, 2.813581943511963, 2.7636876106262207, 2.9727227687835693, 2.8305983543395996, 2.879523992538452, 2.928788661956787, 3.2444136142730713, 3.210655689239502, 3.331892251968384]
val_accuracy: [0.4185999929904938, 0.49459999799728394, 0.5529999732971191, 0.5623999834060669, 0.5997999906539917, 0.5809999704360962, 0.6051999926567078, 0.604200005531311, 0.6100000143051147, 0.6119999885559082]

===== Network 20/25 =====
loss: [1.6821939945220947, 1.1628071069717407, 0.924652636051178, 0.7825295329093933, 0.6848642826080322, 0.6200209259986877, 0.5585964918136597, 0.5172402262687683, 0.47254663705825806, 0.4425241947174072]
accuracy: [0.37145793437957764, 0.5836482048034668, 0.6724358201026917, 0.7250249981880188, 0.7593066096305847, 0.7831981182098389, 0.8030892610549927, 0.8187854290008545, 0.8336482048034668, 0.8429825305938721]
val_loss: [2.7802042961120605, 2.723109245300293, 2.742741107940674, 2.5261800289154053, 2.9186792373657227, 2.7272965908050537, 3.0692033767700195, 2.7647831439971924, 3.1126389503479004, 3.223809003829956]
val_accuracy: [0.38100001215934753, 0.5109999775886536, 0.5329999923706055, 0.5740000009536743, 0.579200029373169, 0.5911999940872192, 0.6014000177383423, 0.6096000075340271, 0.5932000279426575, 0.607200026512146]

===== Network 21/25 =====
loss: [1.7171473503112793, 1.3140051364898682, 1.1022870540618896, 0.9608539938926697, 0.8484340310096741, 0.77302086353302, 0.7049456834793091, 0.6550858616828918, 0.6099451780319214, 0.5725443959236145]
accuracy: [0.3469195067882538, 0.5119804739952087, 0.5960518717765808, 0.652136504650116, 0.6961157321929932, 0.7238248586654663, 0.7497848272323608, 0.7666657567024231, 0.7825748920440674, 0.7968459129333496]
val_loss: [2.988950729370117, 2.733149290084839, 2.9663002490997314, 2.671332359313965, 2.910970687866211, 3.498328447341919, 3.252246379852295, 3.24957537651062, 3.2914836406707764, 3.311030864715576]
val_accuracy: [0.36559998989105225, 0.4413999915122986, 0.4715999960899353, 0.5284000039100647, 0.5224000215530396, 0.5357999801635742, 0.5460000038146973, 0.5446000099182129, 0.5630000233650208, 0.5631999969482422]

===== Network 22/25 =====
loss: [1.59950590133667, 1.2081140279769897, 1.018888235092163, 0.8943065404891968, 0.8111944198608398, 0.7373501658439636, 0.6867353320121765, 0.637803852558136, 0.5942780375480652, 0.559778094291687]
accuracy: [0.3931906521320343, 0.556475818157196, 0.6309060454368591, 0.6778210401535034, 0.7102835178375244, 0.735491931438446, 0.756670355796814, 0.7708727121353149, 0.787993311882019, 0.8009171485900879]
val_loss: [2.572824001312256, 3.009794235229492, 2.615795135498047, 2.8108208179473877, 2.960858106613159, 3.084735631942749, 2.8171889781951904, 2.9866199493408203, 3.0498206615448, 3.467092275619507]
val_accuracy: [0.4004000127315521, 0.4742000102996826, 0.5123999714851379, 0.5325999855995178, 0.5504000186920166, 0.5609999895095825, 0.5667999982833862, 0.5680000185966492, 0.5738000273704529, 0.5605999827384949]

===== Network 23/25 =====
loss: [1.4644988775253296, 0.9921703338623047, 0.8051894307136536, 0.6818825602531433, 0.5998629331588745, 0.5327915549278259, 0.4850967824459076, 0.44229525327682495, 0.4036843776702881, 0.36880454421043396]
accuracy: [0.45282652974128723, 0.6413814425468445, 0.7155687808990479, 0.7617273330688477, 0.7893946766853333, 0.8141422867774963, 0.8313544392585754, 0.8456469178199768, 0.8578261137008667, 0.8692266941070557]
val_loss: [2.6110799312591553, 2.6964004039764404, 2.46736478805542, 2.4512672424316406, 2.9402730464935303, 2.733710765838623, 2.863872766494751, 2.9974472522735596, 3.091603994369507, 2.997612714767456]
val_accuracy: [0.4893999993801117, 0.5493999719619751, 0.5845999717712402, 0.5925999879837036, 0.6132000088691711, 0.6241999864578247, 0.6348000168800354, 0.6119999885559082, 0.6273999810218811, 0.6349999904632568]

===== Network 24/25 =====
loss: [1.652849793434143, 1.2146726846694946, 1.0303252935409546, 0.9266799092292786, 0.8423298001289368, 0.7804455757141113, 0.7231183052062988, 0.6807471513748169, 0.638236939907074, 0.603639543056488]
accuracy: [0.3817368447780609, 0.5615346431732178, 0.6321535706520081, 0.6688520908355713, 0.7011334300041199, 0.7234970331192017, 0.7433881759643555, 0.7578897476196289, 0.7742804884910583, 0.7877819538116455]
val_loss: [2.7363359928131104, 2.988713264465332, 2.8017592430114746, 3.159571886062622, 3.314634084701538, 3.3465559482574463, 3.188575506210327, 3.2704224586486816, 3.452039957046509, 3.526604413986206]
val_accuracy: [0.42719998955726624, 0.47839999198913574, 0.48899999260902405, 0.5127999782562256, 0.5361999869346619, 0.5454000234603882, 0.5393999814987183, 0.5619999766349792, 0.557200014591217, 0.5630000233650208]

===== Network 25/25 =====
loss: [1.5819467306137085, 1.2135026454925537, 1.0495208501815796, 0.9181815385818481, 0.8240304589271545, 0.7502028942108154, 0.69767826795578, 0.6584045886993408, 0.61458820104599, 0.580349326133728]
accuracy: [0.39717456698417664, 0.5519063472747803, 0.6195389032363892, 0.6709585785865784, 0.7053588628768921, 0.7329458594322205, 0.7516338229179382, 0.7664006352424622, 0.7813898921012878, 0.7938485741615295]
val_loss: [2.7590315341949463, 3.060018301010132, 2.980895757675171, 2.9068684577941895, 3.159756660461426, 2.9700915813446045, 3.5173234939575195, 3.310347318649292, 3.5049171447753906, 3.6977410316467285]
val_accuracy: [0.4099999964237213, 0.4803999960422516, 0.5311999917030334, 0.551800012588501, 0.5460000038146973, 0.5825999975204468, 0.550599992275238, 0.5817999839782715, 0.5879999995231628, 0.593999981880188]

Training time: 4083.27 seconds

Accuracy prob. median voting:	0.7981
Accuracy prob. majority voting:	0.801
Accuracy class majority voting:	0.797
