Model: "Model_0_of_5"
_________________________________________________________________
 Layer (type)                Output Shape              Param #   
=================================================================
 conv2d (Conv2D)             (None, 32, 32, 4)         112       
                                                                 
 conv2d_1 (Conv2D)           (None, 32, 32, 8)         296       
                                                                 
 conv2d_2 (Conv2D)           (None, 32, 32, 16)        1168      
                                                                 
 max_pooling2d (MaxPooling2D  (None, 16, 16, 16)       0         
 )                                                               
                                                                 
 conv2d_3 (Conv2D)           (None, 16, 16, 32)        4640      
                                                                 
 max_pooling2d_1 (MaxPooling  (None, 8, 8, 32)         0         
 2D)                                                             
                                                                 
 conv2d_4 (Conv2D)           (None, 8, 8, 64)          18496     
                                                                 
 max_pooling2d_2 (MaxPooling  (None, 4, 4, 64)         0         
 2D)                                                             
                                                                 
 flatten (Flatten)           (None, 1024)              0         
                                                                 
 dense (Dense)               (None, 10)                10250     
                                                                 
=================================================================
Total params: 34,962
Trainable params: 34,962
Non-trainable params: 0
_________________________________________________________________
===== Network 1/5 =====
loss: [1.6437240839004517, 1.195501446723938, 0.992836058139801, 0.8684905171394348, 0.7901561856269836, 0.729712724685669, 0.6775321960449219, 0.6377615332603455, 0.5993919968605042, 0.5774263143539429]
accuracy: [0.3795815110206604, 0.5524773001670837, 0.6349515318870544, 0.6838302612304688, 0.713229775428772, 0.7343763113021851, 0.7532442212104797, 0.7685275077819824, 0.7856726050376892, 0.7905354499816895]
val_loss: [2.7017152309417725, 2.767791271209717, 2.885540008544922, 2.6773924827575684, 2.7737178802490234, 2.871168613433838, 3.0502145290374756, 2.831960439682007, 3.1548502445220947, 2.8671631813049316]
val_accuracy: [0.39959999918937683, 0.4875999987125397, 0.5234000086784363, 0.5523999929428101, 0.5612000226974487, 0.5777999758720398, 0.5727999806404114, 0.5834000110626221, 0.59579998254776, 0.5845999717712402]

===== Network 2/5 =====
loss: [1.5322571992874146, 1.0604313611984253, 0.8552864789962769, 0.7356791496276855, 0.6517899036407471, 0.5936169624328613, 0.5530505776405334, 0.5131493806838989, 0.4796013832092285, 0.4542083740234375]
accuracy: [0.4235055446624756, 0.6162354350090027, 0.6949392557144165, 0.7407664656639099, 0.7703638076782227, 0.7905399799346924, 0.8020454049110413, 0.8171080946922302, 0.8289192318916321, 0.8384237289428711]
val_loss: [2.769094228744507, 2.7838101387023926, 2.675229787826538, 2.9190642833709717, 2.640728235244751, 2.888202428817749, 2.7789065837860107, 2.7272701263427734, 2.6976370811462402, 3.1152241230010986]
val_accuracy: [0.4564000070095062, 0.5296000242233276, 0.5788000226020813, 0.5938000082969666, 0.597599983215332, 0.621999979019165, 0.614799976348877, 0.6212000250816345, 0.6308000087738037, 0.6195999979972839]

===== Network 3/5 =====
loss: [1.5211066007614136, 1.0647611618041992, 0.9037185907363892, 0.7943432927131653, 0.7179775834083557, 0.6595569252967834, 0.6037876605987549, 0.56374192237854, 0.5366228818893433, 0.5072665810585022]
accuracy: [0.4248158931732178, 0.6063637733459473, 0.6697235107421875, 0.7096567749977112, 0.7392524480819702, 0.7620119452476501, 0.7810754776000977, 0.7976378798484802, 0.8071140646934509, 0.8155898451805115]
val_loss: [2.474417209625244, 2.637653350830078, 2.878500461578369, 2.5516676902770996, 3.041841745376587, 2.6164286136627197, 2.5029871463775635, 2.8878610134124756, 2.701921224594116, 2.9746172428131104]
val_accuracy: [0.44760000705718994, 0.517799973487854, 0.5375999808311462, 0.5659999847412109, 0.5649999976158142, 0.5777999758720398, 0.5985999703407288, 0.5961999893188477, 0.614799976348877, 0.5978000164031982]

===== Network 4/5 =====
loss: [1.6308034658432007, 1.1476123332977295, 0.9665482640266418, 0.8466029763221741, 0.7624139785766602, 0.7020567655563354, 0.6500809788703918, 0.6124625205993652, 0.5783981084823608, 0.5439780354499817]
accuracy: [0.3847779631614685, 0.5759850740432739, 0.6465615630149841, 0.6910820007324219, 0.7238953113555908, 0.7475598454475403, 0.7646895051002502, 0.778649091720581, 0.7899947166442871, 0.8047885298728943]
val_loss: [2.6329398155212402, 2.7309629917144775, 2.5066800117492676, 2.537804126739502, 2.7285561561584473, 2.9111037254333496, 3.024073839187622, 2.830087423324585, 2.872836112976074, 2.9244019985198975]
val_accuracy: [0.40059998631477356, 0.5055999755859375, 0.527400016784668, 0.5613999962806702, 0.567799985408783, 0.5803999900817871, 0.5774000287055969, 0.5982000231742859, 0.5952000021934509, 0.5965999960899353]

===== Network 5/5 =====
loss: [1.6242259740829468, 1.1569277048110962, 0.9673050045967102, 0.8546174764633179, 0.7691018581390381, 0.7083917856216431, 0.6568918824195862, 0.6249857544898987, 0.588106095790863, 0.5612086653709412]
accuracy: [0.3793007731437683, 0.5783510804176331, 0.6526616811752319, 0.692954957485199, 0.7256394028663635, 0.7487989664077759, 0.7649607062339783, 0.7767626643180847, 0.791591465473175, 0.7978395223617554]
val_loss: [2.9929075241088867, 2.846736431121826, 2.948408603668213, 2.9669790267944336, 3.0775256156921387, 2.9483795166015625, 3.383026599884033, 3.1245229244232178, 3.0964882373809814, 3.3061370849609375]
val_accuracy: [0.3871999979019165, 0.49380001425743103, 0.5228000283241272, 0.5483999848365784, 0.5709999799728394, 0.5501999855041504, 0.5636000037193298, 0.5685999989509583, 0.5856000185012817, 0.5794000029563904]

Training time: 656.87 seconds

Accuracy prob. median voting:	0.7061
Accuracy prob. majority voting:	0.7113
Accuracy class majority voting:	0.6968
