Model: "Model_0_of_25"
_________________________________________________________________
 Layer (type)                Output Shape              Param #   
=================================================================
 conv2d (Conv2D)             (None, 32, 32, 4)         112       
                                                                 
 conv2d_1 (Conv2D)           (None, 32, 32, 8)         296       
                                                                 
 conv2d_2 (Conv2D)           (None, 32, 32, 16)        1168      
                                                                 
 max_pooling2d (MaxPooling2D  (None, 16, 16, 16)       0         
 )                                                               
                                                                 
 conv2d_3 (Conv2D)           (None, 16, 16, 32)        4640      
                                                                 
 max_pooling2d_1 (MaxPooling  (None, 8, 8, 32)         0         
 2D)                                                             
                                                                 
 conv2d_4 (Conv2D)           (None, 8, 8, 64)          18496     
                                                                 
 max_pooling2d_2 (MaxPooling  (None, 4, 4, 64)         0         
 2D)                                                             
                                                                 
 flatten (Flatten)           (None, 1024)              0         
                                                                 
 dense (Dense)               (None, 10)                10250     
                                                                 
=================================================================
Total params: 34,962
Trainable params: 34,962
Non-trainable params: 0
_________________________________________________________________
===== Network 1/25 =====
loss: [1.5995525121688843, 1.1813708543777466, 1.0165613889694214, 0.9104333519935608, 0.8273146748542786, 0.7597030401229858, 0.7063994407653809, 0.6675304174423218, 0.6313309073448181, 0.5974302887916565]
accuracy: [0.392490416765213, 0.5586390495300293, 0.629710853099823, 0.6683687567710876, 0.6985624432563782, 0.7255924940109253, 0.7464339137077332, 0.7616695165634155, 0.7744907736778259, 0.7847588658332825]
val_loss: [2.9305458068847656, 2.7908833026885986, 2.781737804412842, 2.8484416007995605, 2.7177610397338867, 2.976844072341919, 3.0301856994628906, 3.1796882152557373, 2.8660202026367188, 3.0894057750701904]
val_accuracy: [0.4138000011444092, 0.4602000117301941, 0.4968000054359436, 0.5059999823570251, 0.5315999984741211, 0.5350000262260437, 0.5568000078201294, 0.5491999983787537, 0.5562000274658203, 0.5618000030517578]

===== Network 2/25 =====
loss: [1.582720160484314, 1.1471045017242432, 0.9481611847877502, 0.8023508191108704, 0.7071541547775269, 0.6453192234039307, 0.5823281407356262, 0.5375133752822876, 0.5034958124160767, 0.4638490378856659]
accuracy: [0.40693312883377075, 0.5835671424865723, 0.6591761112213135, 0.7129802107810974, 0.7491180896759033, 0.7739506959915161, 0.7941168546676636, 0.8106997013092041, 0.8203105330467224, 0.8351156711578369]
val_loss: [3.2324960231781006, 3.140302896499634, 3.098083734512329, 2.8365554809570312, 3.1085681915283203, 3.1665873527526855, 3.189164161682129, 2.9793496131896973, 3.368860960006714, 3.1444168090820312]
val_accuracy: [0.3874000012874603, 0.4131999909877777, 0.5396000146865845, 0.5580000281333923, 0.5370000004768372, 0.5591999888420105, 0.5997999906539917, 0.6083999872207642, 0.5989999771118164, 0.593999981880188]

===== Network 3/25 =====
loss: [1.5205761194229126, 1.0363444089889526, 0.8578373789787292, 0.7629975080490112, 0.6898060441017151, 0.6328079104423523, 0.5917724370956421, 0.552125871181488, 0.5156819820404053, 0.49443548917770386]
accuracy: [0.4265400171279907, 0.6207576394081116, 0.6874687671661377, 0.7243792414665222, 0.7516524791717529, 0.771399199962616, 0.7842026352882385, 0.8010053634643555, 0.8133644461631775, 0.8196411728858948]
val_loss: [2.968731641769409, 2.5080769062042236, 2.8885436058044434, 3.012573719024658, 2.590803623199463, 2.695467472076416, 2.782297372817993, 3.015766143798828, 2.8713042736053467, 2.959749221801758]
val_accuracy: [0.41359999775886536, 0.521399974822998, 0.5289999842643738, 0.5351999998092651, 0.5708000063896179, 0.5788000226020813, 0.578000009059906, 0.5925999879837036, 0.5942000150680542, 0.58160001039505]

===== Network 4/25 =====
loss: [1.6522423028945923, 1.1482971906661987, 0.9750352501869202, 0.8611969351768494, 0.7756061553955078, 0.7135311961174011, 0.6624112129211426, 0.6211111545562744, 0.5949861407279968, 0.5623924136161804]
accuracy: [0.37506937980651855, 0.57858806848526, 0.64682537317276, 0.6886724233627319, 0.7193084955215454, 0.7430070042610168, 0.7608225345611572, 0.7739482522010803, 0.7859640121459961, 0.7968975305557251]
val_loss: [2.996077060699463, 2.9818108081817627, 2.9222500324249268, 2.8051037788391113, 3.090198278427124, 2.861323833465576, 2.787842273712158, 2.975336790084839, 2.982537031173706, 3.4625890254974365]
val_accuracy: [0.34700000286102295, 0.4505999982357025, 0.5081999897956848, 0.5116000175476074, 0.5284000039100647, 0.5666000247001648, 0.5676000118255615, 0.5663999915122986, 0.5770000219345093, 0.5527999997138977]

===== Network 5/25 =====
loss: [1.612412452697754, 1.18440842628479, 0.9888843297958374, 0.8699377775192261, 0.7842546701431274, 0.722250759601593, 0.6705787777900696, 0.6243057250976562, 0.5954287648200989, 0.5627647638320923]
accuracy: [0.38712278008461, 0.5641916394233704, 0.6406658291816711, 0.6863502264022827, 0.7198910713195801, 0.7443727850914001, 0.758767306804657, 0.7779414057731628, 0.7875006794929504, 0.7978936433792114]
val_loss: [2.794203758239746, 2.7851505279541016, 2.9301395416259766, 3.0171327590942383, 3.0709471702575684, 2.8400685787200928, 2.9863955974578857, 3.013033151626587, 3.173624038696289, 3.0989248752593994]
val_accuracy: [0.420199990272522, 0.4887999892234802, 0.5210000276565552, 0.5504000186920166, 0.5651999711990356, 0.5720000267028809, 0.5730000138282776, 0.5771999955177307, 0.5838000178337097, 0.5825999975204468]

===== Network 6/25 =====
loss: [1.5490365028381348, 1.1277003288269043, 0.9606212973594666, 0.8514313101768494, 0.7814555168151855, 0.7231537699699402, 0.6791766881942749, 0.6322875022888184, 0.6079899668693542, 0.5724887847900391]
accuracy: [0.41717109084129333, 0.587077260017395, 0.6494141221046448, 0.690564751625061, 0.7160270810127258, 0.7391014695167542, 0.758010745048523, 0.7719497680664062, 0.7792525291442871, 0.7936635613441467]
val_loss: [2.7510993480682373, 2.704969882965088, 2.8020784854888916, 2.9805848598480225, 2.657876968383789, 2.8255727291107178, 3.016613245010376, 2.7230992317199707, 2.9469029903411865, 3.1507551670074463]
val_accuracy: [0.4392000138759613, 0.45660001039505005, 0.5253999829292297, 0.5317999720573425, 0.5479999780654907, 0.5541999936103821, 0.5601999759674072, 0.573199987411499, 0.5447999835014343, 0.5601999759674072]

===== Network 7/25 =====
loss: [1.6349589824676514, 1.2156989574432373, 1.023056983947754, 0.9027001857757568, 0.8216667175292969, 0.7569114565849304, 0.7093116044998169, 0.6698940992355347, 0.638540506362915, 0.611078679561615]
accuracy: [0.38224518299102783, 0.5499389171600342, 0.6304963231086731, 0.6736064553260803, 0.7041972279548645, 0.7266266942024231, 0.745558500289917, 0.7591328024864197, 0.7714579105377197, 0.7812014222145081]
val_loss: [3.074326515197754, 2.8269855976104736, 3.0932092666625977, 2.817997932434082, 2.817512035369873, 2.6253106594085693, 3.096186876296997, 2.7618377208709717, 3.0363032817840576, 3.106128215789795]
val_accuracy: [0.3871999979019165, 0.462799996137619, 0.5153999924659729, 0.5098000168800354, 0.5317999720573425, 0.5504000186920166, 0.5443999767303467, 0.5478000044822693, 0.5443999767303467, 0.5573999881744385]

===== Network 8/25 =====
loss: [1.5506426095962524, 1.1588562726974487, 0.985411524772644, 0.8613547086715698, 0.7747519612312317, 0.7118577361106873, 0.6533205509185791, 0.6116265058517456, 0.5822247862815857, 0.5511457920074463]
accuracy: [0.4106343388557434, 0.5677298903465271, 0.6417586803436279, 0.6865875124931335, 0.7195695042610168, 0.7437081336975098, 0.7653994560241699, 0.7803887724876404, 0.7919018864631653, 0.7986595630645752]
val_loss: [2.7296547889709473, 3.0777390003204346, 2.6656320095062256, 2.769658088684082, 2.7250704765319824, 2.7422237396240234, 2.8551530838012695, 2.778642416000366, 2.916518211364746, 2.9341561794281006]
val_accuracy: [0.4212000072002411, 0.4758000075817108, 0.5210000276565552, 0.5461999773979187, 0.5618000030517578, 0.576200008392334, 0.5849999785423279, 0.5831999778747559, 0.5947999954223633, 0.5942000150680542]

===== Network 9/25 =====
loss: [1.667170763015747, 1.2172259092330933, 1.0562033653259277, 0.9376735091209412, 0.8421115875244141, 0.7627765536308289, 0.7052583694458008, 0.6534416675567627, 0.6114463210105896, 0.5858289003372192]
accuracy: [0.3638260066509247, 0.5455860495567322, 0.615035891532898, 0.663486659526825, 0.6996161937713623, 0.7277910709381104, 0.7491517066955566, 0.7684541344642639, 0.7842799425125122, 0.7931523323059082]
val_loss: [2.5545499324798584, 3.167752504348755, 2.775805950164795, 2.783155679702759, 3.0980618000030518, 2.735976457595825, 3.0547657012939453, 2.9048502445220947, 2.919907331466675, 3.0846760272979736]
val_accuracy: [0.40540000796318054, 0.4618000090122223, 0.4959999918937683, 0.5145999789237976, 0.5199999809265137, 0.5550000071525574, 0.5817999839782715, 0.5910000205039978, 0.5943999886512756, 0.5803999900817871]

===== Network 10/25 =====
loss: [1.5814331769943237, 1.1545095443725586, 0.9802409410476685, 0.8771849870681763, 0.8004085421562195, 0.7441077828407288, 0.6993091702461243, 0.6654390692710876, 0.6313096284866333, 0.606708288192749]
accuracy: [0.3996001183986664, 0.5774902105331421, 0.6424703598022461, 0.680791974067688, 0.7113937139511108, 0.7322762608528137, 0.7489378452301025, 0.7621560096740723, 0.772569477558136, 0.781150221824646]
val_loss: [2.650670289993286, 2.7147862911224365, 2.817781925201416, 2.7025413513183594, 2.6806533336639404, 2.9334797859191895, 3.01790714263916, 3.1717402935028076, 3.1703708171844482, 3.02701735496521]
val_accuracy: [0.4059999883174896, 0.4875999987125397, 0.5170000195503235, 0.5317999720573425, 0.5436000227928162, 0.545799970626831, 0.5461999773979187, 0.5541999936103821, 0.5558000206947327, 0.5576000213623047]

===== Network 11/25 =====
loss: [1.6914911270141602, 1.1501375436782837, 0.9664977192878723, 0.8592719435691833, 0.783272385597229, 0.7249518632888794, 0.677339494228363, 0.6350257396697998, 0.6084353923797607, 0.5734453201293945]
accuracy: [0.34863558411598206, 0.585116446018219, 0.6568665504455566, 0.6969655156135559, 0.7239204049110413, 0.7447896599769592, 0.763380229473114, 0.7784972190856934, 0.7864447236061096, 0.799894392490387]
val_loss: [3.2342231273651123, 2.596238136291504, 2.887352228164673, 2.6732494831085205, 2.8452556133270264, 2.7861671447753906, 2.9389822483062744, 3.13451886177063, 3.185030937194824, 3.108881950378418]
val_accuracy: [0.41600000858306885, 0.48660001158714294, 0.525600016117096, 0.5559999942779541, 0.5392000079154968, 0.578000009059906, 0.5824000239372253, 0.5784000158309937, 0.5781999826431274, 0.590399980545044]

===== Network 12/25 =====
loss: [1.54233980178833, 1.1586731672286987, 1.000121831893921, 0.8758870363235474, 0.7827368974685669, 0.7143712043762207, 0.6608686447143555, 0.614573061466217, 0.5776854157447815, 0.5490342378616333]
accuracy: [0.4174485206604004, 0.5680897235870361, 0.6276578307151794, 0.682090699672699, 0.712624192237854, 0.7401321530342102, 0.7621162533760071, 0.7771887183189392, 0.790290355682373, 0.8009770512580872]
val_loss: [2.7795889377593994, 2.581298828125, 2.7080836296081543, 2.648773670196533, 2.700918674468994, 2.7674245834350586, 3.029733896255493, 2.8458645343780518, 2.890049695968628, 3.079970598220825]
val_accuracy: [0.40459999442100525, 0.46619999408721924, 0.5076000094413757, 0.5406000018119812, 0.5573999881744385, 0.5627999901771545, 0.5583999752998352, 0.5839999914169312, 0.5781999826431274, 0.5766000151634216]

===== Network 13/25 =====
loss: [1.627955675125122, 1.2302520275115967, 1.02437162399292, 0.9087972640991211, 0.8145744204521179, 0.7497066259384155, 0.7023181915283203, 0.6538124084472656, 0.6248819828033447, 0.5853520035743713]
accuracy: [0.38799744844436646, 0.5563280582427979, 0.637170135974884, 0.6801913380622864, 0.7144525647163391, 0.7366723418235779, 0.7540532350540161, 0.7713785171508789, 0.7796379327774048, 0.7950165271759033]
val_loss: [2.7786431312561035, 2.7778146266937256, 2.9192850589752197, 2.6873438358306885, 2.743488311767578, 3.0014333724975586, 2.7438230514526367, 2.917177677154541, 2.9499289989471436, 3.131241798400879]
val_accuracy: [0.3882000148296356, 0.4832000136375427, 0.47519999742507935, 0.5577999949455261, 0.5582000017166138, 0.5694000124931335, 0.5691999793052673, 0.5843999981880188, 0.5809999704360962, 0.5950000286102295]

===== Network 14/25 =====
loss: [1.5557478666305542, 1.0818372964859009, 0.876161515712738, 0.7592454552650452, 0.6742627620697021, 0.6155906915664673, 0.5719863772392273, 0.5334048271179199, 0.49735110998153687, 0.46963539719581604]
accuracy: [0.412996381521225, 0.6059983372688293, 0.6874756813049316, 0.7327408790588379, 0.7626215219497681, 0.7837545275688171, 0.7993335127830505, 0.8102748990058899, 0.8256317973136902, 0.8350735902786255]
val_loss: [2.8335554599761963, 2.6651499271392822, 3.1943652629852295, 2.613903760910034, 2.8325512409210205, 2.6221697330474854, 2.940868854522705, 3.04323410987854, 2.994887351989746, 2.9307329654693604]
val_accuracy: [0.41760000586509705, 0.5049999952316284, 0.5447999835014343, 0.5641999840736389, 0.58160001039505, 0.5917999744415283, 0.5914000272750854, 0.6039999723434448, 0.6061999797821045, 0.5985999703407288]

===== Network 15/25 =====
loss: [1.5298713445663452, 1.1076924800872803, 0.9399145245552063, 0.8253839015960693, 0.7379891276359558, 0.6714670658111572, 0.6199549436569214, 0.5797078609466553, 0.5465691685676575, 0.5122698545455933]
accuracy: [0.4200611412525177, 0.5945262312889099, 0.659266471862793, 0.7059460878372192, 0.7397610545158386, 0.7641289234161377, 0.7803556323051453, 0.7969713807106018, 0.807529866695404, 0.8166157007217407]
val_loss: [2.616097927093506, 2.7107350826263428, 2.8580307960510254, 2.752049684524536, 2.6669788360595703, 2.7873423099517822, 3.157968282699585, 2.909670352935791, 3.003490924835205, 3.173391103744507]
val_accuracy: [0.3898000121116638, 0.5052000284194946, 0.5407999753952026, 0.5454000234603882, 0.5756000280380249, 0.5830000042915344, 0.5848000049591064, 0.5928000211715698, 0.5996000170707703, 0.5914000272750854]

===== Network 16/25 =====
loss: [1.5818164348602295, 1.086122751235962, 0.8873874545097351, 0.7823944091796875, 0.7123116254806519, 0.6508151888847351, 0.6070416569709778, 0.5690598487854004, 0.5421208143234253, 0.5106759667396545]
accuracy: [0.39767804741859436, 0.601905345916748, 0.68181312084198, 0.7183923721313477, 0.7451949715614319, 0.7657760381698608, 0.7791634202003479, 0.7951061129570007, 0.803799569606781, 0.8171036839485168]
val_loss: [2.4946482181549072, 2.586914539337158, 2.5368025302886963, 3.0999937057495117, 2.5790090560913086, 2.5970499515533447, 2.823259115219116, 2.7684192657470703, 2.851947546005249, 2.9251487255096436]
val_accuracy: [0.4187999963760376, 0.5019999742507935, 0.5389999747276306, 0.4779999852180481, 0.5626000165939331, 0.5830000042915344, 0.5807999968528748, 0.5722000002861023, 0.5902000069618225, 0.5888000130653381]

===== Network 17/25 =====
loss: [1.6158424615859985, 1.072702169418335, 0.8720231652259827, 0.751703679561615, 0.6655055284500122, 0.6038928031921387, 0.5561380386352539, 0.520556628704071, 0.4894023537635803, 0.4525950253009796]
accuracy: [0.38992926478385925, 0.6133999228477478, 0.6898044347763062, 0.7356359958648682, 0.7678734660148621, 0.7902066707611084, 0.8086835741996765, 0.8177833557128906, 0.8301845192909241, 0.8433624505996704]
val_loss: [3.0856287479400635, 3.147615909576416, 2.9231812953948975, 2.832350492477417, 3.167128324508667, 2.7107813358306885, 2.902803659439087, 3.000231981277466, 2.9362311363220215, 3.245523452758789]
val_accuracy: [0.4147999882698059, 0.5192000269889832, 0.5511999726295471, 0.567799985408783, 0.5863999724388123, 0.6015999913215637, 0.5956000089645386, 0.5943999886512756, 0.6007999777793884, 0.599399983882904]

===== Network 18/25 =====
loss: [1.6470894813537598, 1.210764765739441, 1.000395655632019, 0.8609198331832886, 0.7741221785545349, 0.7069847583770752, 0.6554087400436401, 0.6153222918510437, 0.5787644982337952, 0.543782114982605]
accuracy: [0.37418800592422485, 0.5621287226676941, 0.6417189240455627, 0.6934928894042969, 0.726306140422821, 0.752901017665863, 0.7719171643257141, 0.7838543057441711, 0.7965409755706787, 0.8085336685180664]
val_loss: [2.7064507007598877, 2.745229721069336, 2.8232152462005615, 3.0528807640075684, 2.7187743186950684, 2.7482047080993652, 2.9651899337768555, 2.8297438621520996, 3.123898506164551, 2.994966506958008]
val_accuracy: [0.3862000107765198, 0.4733999967575073, 0.5252000093460083, 0.546999990940094, 0.5622000098228455, 0.5666000247001648, 0.5741999745368958, 0.5861999988555908, 0.5879999995231628, 0.5874000191688538]

===== Network 19/25 =====
loss: [1.5390703678131104, 1.0969408750534058, 0.9178833365440369, 0.8058920502662659, 0.728102445602417, 0.6748749017715454, 0.623690664768219, 0.5875149369239807, 0.5589126348495483, 0.5236647725105286]
accuracy: [0.423761785030365, 0.6000444293022156, 0.6682407855987549, 0.712825357913971, 0.745742917060852, 0.7616600394248962, 0.7799105644226074, 0.7933275699615479, 0.8036056756973267, 0.8147170543670654]
val_loss: [2.6627683639526367, 2.4503400325775146, 2.8885512351989746, 2.7154781818389893, 2.709395408630371, 2.9650962352752686, 2.8818233013153076, 2.987187385559082, 3.2334258556365967, 2.9159624576568604]
val_accuracy: [0.43540000915527344, 0.4975999891757965, 0.521399974822998, 0.5547999739646912, 0.5618000030517578, 0.5726000070571899, 0.5722000002861023, 0.5893999934196472, 0.5745999813079834, 0.5899999737739563]

===== Network 20/25 =====
loss: [1.6302947998046875, 1.165939211845398, 0.9548183679580688, 0.8299880623817444, 0.7351933121681213, 0.6705815196037292, 0.6233586072921753, 0.5768294930458069, 0.5461599826812744, 0.5149323344230652]
accuracy: [0.3886221647262573, 0.5733869671821594, 0.6598307490348816, 0.7070070505142212, 0.7427223324775696, 0.7641459703445435, 0.7824892401695251, 0.7995560169219971, 0.8081309795379639, 0.8184820413589478]
val_loss: [2.829061985015869, 2.94041109085083, 4.105770111083984, 3.228113889694214, 2.8797600269317627, 3.2174489498138428, 2.910555124282837, 2.862602710723877, 3.0838961601257324, 3.337617874145508]
val_accuracy: [0.36719998717308044, 0.48100000619888306, 0.2786000072956085, 0.5217999815940857, 0.5406000018119812, 0.5582000017166138, 0.5716000199317932, 0.5702000260353088, 0.5848000049591064, 0.5519999861717224]

===== Network 21/25 =====
loss: [1.7234702110290527, 1.244438648223877, 1.0398201942443848, 0.9124881625175476, 0.8280450105667114, 0.766788125038147, 0.7185274958610535, 0.6770669221878052, 0.6490429639816284, 0.6158784627914429]
accuracy: [0.34575679898262024, 0.5474551916122437, 0.6244657635688782, 0.6750013828277588, 0.7064439058303833, 0.7261753082275391, 0.7425487041473389, 0.7584503293037415, 0.7677471041679382, 0.7818449139595032]
val_loss: [3.4387383460998535, 3.0990915298461914, 2.66943621635437, 2.504635810852051, 2.4635770320892334, 2.621875286102295, 2.9664254188537598, 2.9222519397735596, 2.873861074447632, 3.024085283279419]
val_accuracy: [0.35260000824928284, 0.42559999227523804, 0.4973999857902527, 0.5371999740600586, 0.5335999727249146, 0.5443999767303467, 0.5641999840736389, 0.5472000241279602, 0.5676000118255615, 0.5648000240325928]

===== Network 22/25 =====
loss: [1.6270651817321777, 1.25119948387146, 1.0680149793624878, 0.9563705921173096, 0.8740145564079285, 0.8055245280265808, 0.7596359848976135, 0.7140379548072815, 0.6797450184822083, 0.6416390538215637]
accuracy: [0.38419854640960693, 0.5415462255477905, 0.6113272309303284, 0.655596911907196, 0.6891396045684814, 0.7124277353286743, 0.7306302785873413, 0.7447198629379272, 0.7552801370620728, 0.7725656032562256]
val_loss: [2.7505321502685547, 2.817758083343506, 2.8363070487976074, 2.7780468463897705, 2.9008710384368896, 3.0116119384765625, 2.9817159175872803, 3.281068801879883, 3.0691471099853516, 3.301607847213745]
val_accuracy: [0.38100001215934753, 0.44679999351501465, 0.49219998717308044, 0.5148000121116638, 0.5350000262260437, 0.5353999733924866, 0.5504000186920166, 0.5325999855995178, 0.545799970626831, 0.5429999828338623]

===== Network 23/25 =====
loss: [1.5530682802200317, 1.1087946891784668, 0.9057791233062744, 0.7706220746040344, 0.672258198261261, 0.6046664118766785, 0.5549651980400085, 0.5119231939315796, 0.474719762802124, 0.445962518453598]
accuracy: [0.4199017584323883, 0.5992451906204224, 0.6757221817970276, 0.7275300621986389, 0.7636595964431763, 0.7892444133758545, 0.8085856437683105, 0.8219885230064392, 0.8349751830101013, 0.8420789837837219]
val_loss: [3.4971792697906494, 2.8080873489379883, 2.8434178829193115, 2.8721911907196045, 2.82646107673645, 3.113708019256592, 3.336296558380127, 3.43780779838562, 3.1913459300994873, 3.2893214225769043]
val_accuracy: [0.42419999837875366, 0.5067999958992004, 0.5320000052452087, 0.5558000206947327, 0.5907999873161316, 0.5802000164985657, 0.5907999873161316, 0.6065999865531921, 0.6115999817848206, 0.605400025844574]

===== Network 24/25 =====
loss: [1.843277931213379, 1.4490419626235962, 1.1803224086761475, 1.0254371166229248, 0.9295242428779602, 0.8570559620857239, 0.8040156960487366, 0.7554832696914673, 0.716117799282074, 0.6832590699195862]
accuracy: [0.2893560230731964, 0.4729943573474884, 0.5749632120132446, 0.6344450116157532, 0.6698786616325378, 0.6958429217338562, 0.7167531847953796, 0.730971097946167, 0.7472716569900513, 0.759101390838623]
val_loss: [2.838019609451294, 3.5210750102996826, 2.703434467315674, 3.526374101638794, 2.919288396835327, 2.992246389389038, 2.764202356338501, 2.853170394897461, 3.2189221382141113, 3.162473201751709]
val_accuracy: [0.32580000162124634, 0.37139999866485596, 0.48579999804496765, 0.504800021648407, 0.5034000277519226, 0.5185999870300293, 0.5343999862670898, 0.5508000254631042, 0.5378000140190125, 0.5486000180244446]

===== Network 25/25 =====
loss: [1.6705634593963623, 1.3244017362594604, 1.15188467502594, 1.0244413614273071, 0.9414145350456238, 0.8707126379013062, 0.8161502480506897, 0.7727547287940979, 0.7320685386657715, 0.6952693462371826]
accuracy: [0.35888588428497314, 0.5091126561164856, 0.5811513662338257, 0.6310693025588989, 0.6622332334518433, 0.6884443163871765, 0.710342526435852, 0.7267870306968689, 0.7387517690658569, 0.7516068816184998]
val_loss: [2.8553943634033203, 3.137253999710083, 2.6639370918273926, 2.869107961654663, 2.989687204360962, 2.6032814979553223, 2.9497668743133545, 2.9585113525390625, 3.170494318008423, 3.1863884925842285]
val_accuracy: [0.3720000088214874, 0.3310000002384186, 0.49079999327659607, 0.504800021648407, 0.5085999965667725, 0.5108000040054321, 0.49540001153945923, 0.5442000031471252, 0.5576000213623047, 0.5231999754905701]

Training time: 3430.91 seconds

Accuracy prob. median voting:	0.7865
Accuracy prob. majority voting:	0.7881
Accuracy class majority voting:	0.7853
