Model: "Model_0_of_15"
_________________________________________________________________
 Layer (type)                Output Shape              Param #   
=================================================================
 conv2d (Conv2D)             (None, 32, 32, 5)         140       
                                                                 
 conv2d_1 (Conv2D)           (None, 32, 32, 10)        460       
                                                                 
 conv2d_2 (Conv2D)           (None, 32, 32, 20)        1820      
                                                                 
 max_pooling2d (MaxPooling2D  (None, 16, 16, 20)       0         
 )                                                               
                                                                 
 conv2d_3 (Conv2D)           (None, 16, 16, 40)        7240      
                                                                 
 max_pooling2d_1 (MaxPooling  (None, 8, 8, 40)         0         
 2D)                                                             
                                                                 
 conv2d_4 (Conv2D)           (None, 8, 8, 80)          28880     
                                                                 
 max_pooling2d_2 (MaxPooling  (None, 4, 4, 80)         0         
 2D)                                                             
                                                                 
 flatten (Flatten)           (None, 1280)              0         
                                                                 
 dense (Dense)               (None, 10)                12810     
                                                                 
=================================================================
Total params: 51,350
Trainable params: 51,350
Non-trainable params: 0
_________________________________________________________________
===== Network 1/15 =====
loss: [1.5599148273468018, 1.1305819749832153, 0.9371715188026428, 0.8186604976654053, 0.7316846251487732, 0.6678457260131836, 0.6124762892723083, 0.5754109621047974, 0.5395792722702026, 0.5050444006919861]
accuracy: [0.40868428349494934, 0.5817035436630249, 0.6565173864364624, 0.7068563103675842, 0.7362207174301147, 0.7598344087600708, 0.7828369736671448, 0.7925602793693542, 0.8063673973083496, 0.8177575469017029]
val_loss: [2.516068458557129, 2.7254374027252197, 2.7571756839752197, 2.8006114959716797, 3.0985491275787354, 2.888951063156128, 2.844849109649658, 2.8996458053588867, 3.2388172149658203, 3.237868309020996]
val_accuracy: [0.4311999976634979, 0.4968000054359436, 0.5220000147819519, 0.571399986743927, 0.5662000179290771, 0.5681999921798706, 0.5735999941825867, 0.5748000144958496, 0.5925999879837036, 0.5996000170707703]

===== Network 2/15 =====
loss: [1.649383783340454, 1.140113115310669, 0.8989032506942749, 0.7609812617301941, 0.6682568788528442, 0.5944117307662964, 0.5371245741844177, 0.4897586405277252, 0.4489688277244568, 0.41603440046310425]
accuracy: [0.35825952887535095, 0.5775691866874695, 0.6745897531509399, 0.7290700674057007, 0.7627801299095154, 0.7919917702674866, 0.8129286766052246, 0.8277844190597534, 0.8413628339767456, 0.8534696102142334]
val_loss: [2.8334062099456787, 2.7897119522094727, 2.7445638179779053, 2.6573517322540283, 2.483713388442993, 2.6938817501068115, 2.8143248558044434, 2.9873669147491455, 3.1172358989715576, 2.9040825366973877]
val_accuracy: [0.41600000858306885, 0.5217999815940857, 0.5631999969482422, 0.5924000144004822, 0.5983999967575073, 0.6197999715805054, 0.6151999831199646, 0.6281999945640564, 0.6208000183105469, 0.6273999810218811]

===== Network 3/15 =====
loss: [1.5232688188552856, 0.9659397006034851, 0.7692399621009827, 0.6760098338127136, 0.6035294532775879, 0.5464757680892944, 0.5020507574081421, 0.4656527638435364, 0.43303653597831726, 0.4077955186367035]
accuracy: [0.42537540197372437, 0.6500957608222961, 0.7229300141334534, 0.7568212747573853, 0.784300684928894, 0.8034251928329468, 0.8184417486190796, 0.8302106857299805, 0.8416187763214111, 0.8508340716362]
val_loss: [2.7696659564971924, 2.747753381729126, 2.4955549240112305, 2.5361502170562744, 2.656813621520996, 2.6457977294921875, 2.7268319129943848, 3.0145723819732666, 2.9895334243774414, 3.0664665699005127]
val_accuracy: [0.4691999852657318, 0.5501999855041504, 0.5848000049591064, 0.5910000205039978, 0.609000027179718, 0.6122000217437744, 0.5961999893188477, 0.6029999852180481, 0.6132000088691711, 0.6172000169754028]

===== Network 4/15 =====
loss: [1.5966870784759521, 1.1366099119186401, 0.932863712310791, 0.806219756603241, 0.715702474117279, 0.6398903131484985, 0.5824860334396362, 0.5343934893608093, 0.49785110354423523, 0.4591435194015503]
accuracy: [0.40094953775405884, 0.5819196701049805, 0.6649637818336487, 0.7077491283416748, 0.7425382733345032, 0.7707749009132385, 0.7890995740890503, 0.8082016706466675, 0.8212233185768127, 0.8353277444839478]
val_loss: [2.908470869064331, 2.8038489818573, 2.9092915058135986, 2.787895679473877, 2.808969259262085, 2.725562810897827, 3.09538197517395, 2.8980355262756348, 2.9301180839538574, 3.237419843673706]
val_accuracy: [0.4352000057697296, 0.4952000081539154, 0.5429999828338623, 0.5257999897003174, 0.569599986076355, 0.5942000150680542, 0.5935999751091003, 0.6003999710083008, 0.5907999873161316, 0.5888000130653381]

===== Network 5/15 =====
loss: [1.572277545928955, 1.1243386268615723, 0.9434212446212769, 0.8250686526298523, 0.7636713981628418, 0.6770194172859192, 0.6247943043708801, 0.5878453850746155, 0.5461911559104919, 0.5379886031150818]
accuracy: [0.4011322855949402, 0.5927899479866028, 0.6621152758598328, 0.7050759196281433, 0.7294979691505432, 0.7613298892974854, 0.7776204943656921, 0.7915799617767334, 0.8061776757240295, 0.8090084195137024]
val_loss: [4.040567398071289, 3.330801486968994, 2.6728434562683105, 3.194197416305542, 3.1705689430236816, 3.0368309020996094, 3.512446403503418, 3.16967511177063, 3.151120185852051, 3.126117706298828]
val_accuracy: [0.2687999904155731, 0.41339999437332153, 0.5037999749183655, 0.46880000829696655, 0.5396000146865845, 0.5740000009536743, 0.5221999883651733, 0.5515999794006348, 0.5658000111579895, 0.5537999868392944]

===== Network 6/15 =====
loss: [1.4893126487731934, 1.0907063484191895, 0.918158233165741, 0.7937585711479187, 0.7064124941825867, 0.6478459239006042, 0.5904093980789185, 0.5459895133972168, 0.5069360136985779, 0.47875991463661194]
accuracy: [0.4391043484210968, 0.6010667681694031, 0.6670185327529907, 0.7169129848480225, 0.7455272674560547, 0.767224133014679, 0.7900877594947815, 0.804700493812561, 0.8193410634994507, 0.8275641798973083]
val_loss: [2.850613594055176, 2.727126359939575, 2.8250303268432617, 2.6967275142669678, 2.9998233318328857, 2.6455657482147217, 2.8737008571624756, 2.96614933013916, 3.222919464111328, 3.080223798751831]
val_accuracy: [0.4593999981880188, 0.5270000100135803, 0.5321999788284302, 0.5709999799728394, 0.571399986743927, 0.5870000123977661, 0.5996000170707703, 0.5907999873161316, 0.5985999703407288, 0.5952000021934509]

===== Network 7/15 =====
loss: [1.630402684211731, 1.2274181842803955, 1.049903154373169, 0.9286559224128723, 0.8364362120628357, 0.7708879113197327, 0.7170684337615967, 0.6774596571922302, 0.6337912082672119, 0.5905572772026062]
accuracy: [0.3866136968135834, 0.544009804725647, 0.6174705624580383, 0.6656479239463806, 0.6996832489967346, 0.7257723808288574, 0.7450266480445862, 0.7563903331756592, 0.7716992497444153, 0.790675699710846]
val_loss: [3.028306245803833, 2.434535503387451, 2.596437692642212, 2.6389665603637695, 2.844578742980957, 2.65307879447937, 2.8372409343719482, 2.6951773166656494, 2.8330211639404297, 3.0241947174072266]
val_accuracy: [0.3882000148296356, 0.48980000615119934, 0.515999972820282, 0.5401999950408936, 0.5546000003814697, 0.5676000118255615, 0.5648000240325928, 0.5690000057220459, 0.574400007724762, 0.5667999982833862]

===== Network 8/15 =====
loss: [1.5452899932861328, 1.1490246057510376, 0.9626460075378418, 0.8431596159934998, 0.7590520977973938, 0.6933553218841553, 0.6329243779182434, 0.5845916867256165, 0.5457633137702942, 0.5089377760887146]
accuracy: [0.407759428024292, 0.572202742099762, 0.6488522291183472, 0.690900981426239, 0.7245289087295532, 0.7492079138755798, 0.7714135050773621, 0.7892279624938965, 0.8025679588317871, 0.8172697424888611]
val_loss: [2.415964365005493, 2.594097375869751, 2.759187698364258, 2.571636438369751, 2.529391288757324, 2.7920501232147217, 2.7264201641082764, 3.3188071250915527, 3.052288770675659, 2.914341926574707]
val_accuracy: [0.4300000071525574, 0.4893999993801117, 0.525600016117096, 0.5550000071525574, 0.5658000111579895, 0.5860000252723694, 0.5871999859809875, 0.5727999806404114, 0.5968000292778015, 0.597599983215332]

===== Network 9/15 =====
loss: [1.571130633354187, 1.155936360359192, 0.9537554383277893, 0.8097851872444153, 0.717877209186554, 0.6463512182235718, 0.5948340892791748, 0.5494200587272644, 0.5095288157463074, 0.47936686873435974]
accuracy: [0.4032195210456848, 0.5733707547187805, 0.6537477970123291, 0.7121052145957947, 0.7449677586555481, 0.7737711071968079, 0.78786700963974, 0.8061332106590271, 0.8198398351669312, 0.8299043774604797]
val_loss: [2.6213231086730957, 2.847618341445923, 2.7416090965270996, 2.6138341426849365, 2.91658878326416, 2.9596781730651855, 3.156697988510132, 2.946822166442871, 3.27518892288208, 3.667281150817871]
val_accuracy: [0.4465999901294708, 0.5113999843597412, 0.548799991607666, 0.5771999955177307, 0.5960000157356262, 0.6001999974250793, 0.5888000130653381, 0.6075999736785889, 0.6014000177383423, 0.6104000210762024]

===== Network 10/15 =====
loss: [1.6047580242156982, 1.1906894445419312, 1.015138030052185, 0.8985294699668884, 0.8142921924591064, 0.7489481568336487, 0.6914392709732056, 0.6429992318153381, 0.6033530831336975, 0.5656577348709106]
accuracy: [0.3946154713630676, 0.5633751749992371, 0.6305567622184753, 0.6750388741493225, 0.7075738906860352, 0.7319404482841492, 0.7518337368965149, 0.7712824940681458, 0.7843132019042969, 0.7957879304885864]
val_loss: [2.71589994430542, 2.6067726612091064, 2.9361112117767334, 2.9431943893432617, 2.921323776245117, 2.8097712993621826, 3.1590559482574463, 2.9480698108673096, 3.114381790161133, 3.4915199279785156]
val_accuracy: [0.44279998540878296, 0.47620001435279846, 0.506600022315979, 0.5284000039100647, 0.5242000222206116, 0.5468000173568726, 0.5618000030517578, 0.5526000261306763, 0.5839999914169312, 0.5658000111579895]

===== Network 11/15 =====
loss: [1.704075574874878, 1.1701833009719849, 0.945408821105957, 0.8209115862846375, 0.7302468419075012, 0.6662541031837463, 0.6122017502784729, 0.5644997954368591, 0.5227709412574768, 0.4913778007030487]
accuracy: [0.354966938495636, 0.5742397904396057, 0.6647673845291138, 0.7106842994689941, 0.7423147559165955, 0.7653566002845764, 0.7851464748382568, 0.8006559610366821, 0.8169158697128296, 0.8261993527412415]
val_loss: [2.970215320587158, 2.7984111309051514, 2.581470012664795, 2.7252910137176514, 2.8529934883117676, 3.253647804260254, 3.2334530353546143, 2.9727447032928467, 3.1891367435455322, 3.2111785411834717]
val_accuracy: [0.39820000529289246, 0.5321999788284302, 0.5550000071525574, 0.5698000192642212, 0.5812000036239624, 0.5857999920845032, 0.600600004196167, 0.5961999893188477, 0.6010000109672546, 0.614799976348877]

===== Network 12/15 =====
loss: [1.5694169998168945, 1.0975583791732788, 0.908159077167511, 0.7695945501327515, 0.6862093806266785, 0.619749903678894, 0.5650016665458679, 0.5243813395500183, 0.48330363631248474, 0.452706515789032]
accuracy: [0.4079717993736267, 0.5966635942459106, 0.6693035960197449, 0.7215144038200378, 0.7504094243049622, 0.7756682634353638, 0.79573655128479, 0.8125295042991638, 0.826185941696167, 0.8372054100036621]
val_loss: [2.774216890335083, 2.6028130054473877, 2.7208571434020996, 2.888826370239258, 2.9882102012634277, 3.0459227561950684, 3.0038299560546875, 3.2048749923706055, 3.1332333087921143, 2.9430010318756104]
val_accuracy: [0.43939998745918274, 0.5103999972343445, 0.5422000288963318, 0.5472000241279602, 0.5807999968528748, 0.5812000036239624, 0.5964000225067139, 0.5907999873161316, 0.5982000231742859, 0.6007999777793884]

===== Network 13/15 =====
loss: [1.5488941669464111, 1.10831618309021, 0.9208338260650635, 0.8105452656745911, 0.7281628847122192, 0.6604983806610107, 0.604708731174469, 0.5627245903015137, 0.523387610912323, 0.49184128642082214]
accuracy: [0.42177343368530273, 0.6025890111923218, 0.6731207370758057, 0.7159286737442017, 0.7472915053367615, 0.7674037218093872, 0.7881271243095398, 0.8030168414115906, 0.8169065117835999, 0.8254069685935974]
val_loss: [2.8821098804473877, 3.311737060546875, 3.2928850650787354, 2.938343048095703, 2.9292757511138916, 3.1311142444610596, 3.3173105716705322, 3.5771641731262207, 3.487497568130493, 3.88680362701416]
val_accuracy: [0.4535999894142151, 0.5231999754905701, 0.5547999739646912, 0.5619999766349792, 0.5722000002861023, 0.5825999975204468, 0.5925999879837036, 0.5956000089645386, 0.597000002861023, 0.6039999723434448]

===== Network 14/15 =====
loss: [1.5919249057769775, 0.9903280138969421, 0.771503746509552, 0.6595015525817871, 0.5894421935081482, 0.5214247107505798, 0.47898396849632263, 0.43540823459625244, 0.4001849889755249, 0.3680025637149811]
accuracy: [0.39957234263420105, 0.6434978246688843, 0.72613924741745, 0.7676820755004883, 0.7946183085441589, 0.8167504668235779, 0.8329399228096008, 0.8449362516403198, 0.8594040870666504, 0.8697620034217834]
val_loss: [3.1400625705718994, 2.941847801208496, 2.715603828430176, 2.90262508392334, 2.633119821548462, 2.7586021423339844, 2.9792697429656982, 2.6722779273986816, 2.9687511920928955, 3.234123468399048]
val_accuracy: [0.4553999900817871, 0.5464000105857849, 0.5906000137329102, 0.6126000285148621, 0.6209999918937683, 0.6204000115394592, 0.6230000257492065, 0.6291999816894531, 0.631600022315979, 0.6255999803543091]

===== Network 15/15 =====
loss: [1.5231869220733643, 1.1091023683547974, 0.9204213619232178, 0.7763469219207764, 0.6893824934959412, 0.6262994408607483, 0.5948321223258972, 0.5226717591285706, 0.4814774990081787, 0.44146668910980225]
accuracy: [0.4237382411956787, 0.5889003276824951, 0.6662870645523071, 0.7243131995201111, 0.7556456923484802, 0.7787561416625977, 0.7899502515792847, 0.8160884380340576, 0.8323935270309448, 0.8426154851913452]
val_loss: [3.0683555603027344, 3.0715034008026123, 2.7989001274108887, 3.2854433059692383, 3.4669528007507324, 2.8639731407165527, 2.6843202114105225, 3.637425422668457, 3.077270984649658, 2.999210834503174]
val_accuracy: [0.375, 0.4846000075340271, 0.5501999855041504, 0.5595999956130981, 0.4959999918937683, 0.5145999789237976, 0.6055999994277954, 0.5845999717712402, 0.6029999852180481, 0.6158000230789185]

Training time: 2481.24 seconds

Accuracy prob. median voting:	0.7872
Accuracy prob. majority voting:	0.7927
Accuracy class majority voting:	0.7852
